80
0 30
0 32
0 39
0 40
0 49
0 54
0 57
0 59
0 60
0 63
0 72
0 73
0 74
0 77
1 30
1 54
1 55
2 27
2 29
2 31
2 34
2 35
2 36
2 37
2 38
2 44
2 53
2 56
2 58
2 60
2 64
2 69
2 71
2 72
2 73
3 29
3 31
3 32
3 34
3 35
3 46
3 48
3 51
3 54
3 55
3 63
3 65
3 70
3 71
3 75
3 76
4 30
4 31
4 33
4 35
4 40
4 44
4 46
4 48
4 51
4 56
4 63
4 64
4 66
4 72
5 28
5 32
5 33
5 36
5 38
5 43
5 57
5 58
5 61
5 67
5 71
5 72
5 73
6 27
6 28
6 31
6 33
6 34
6 35
6 36
6 37
6 42
6 53
6 54
6 57
6 61
6 62
6 63
6 64
6 68
6 73
6 78
6 79
7 28
7 35
7 36
7 38
7 45
7 46
7 48
7 50
7 54
7 58
7 59
7 62
7 63
7 67
7 70
7 74
7 75
7 76
7 77
8 28
8 30
8 34
8 36
8 37
8 38
8 40
8 41
8 43
8 44
8 47
8 50
8 53
8 58
8 62
8 64
8 66
8 67
8 68
8 69
8 70
8 73
8 74
8 78
9 29
9 30
9 32
9 33
9 38
9 43
9 44
9 49
9 50
9 51
9 56
9 63
9 65
9 66
9 67
9 68
9 70
9 79
10 33
10 34
10 37
10 38
10 39
10 42
10 44
10 45
10 47
10 48
10 57
10 63
10 64
10 65
10 66
10 67
10 70
10 71
10 72
10 76
10 77
11 34
11 42
11 76
11 79
12 28
12 31
12 36
12 41
12 46
12 50
12 51
12 56
12 57
12 61
12 68
12 74
12 75
13 36
13 40
13 78
14 28
14 30
14 32
14 37
14 38
14 41
14 43
14 48
14 49
14 51
14 52
14 53
14 58
14 61
14 62
14 64
14 66
14 70
14 72
14 73
14 77
14 78
15 28
15 30
15 31
15 33
15 36
15 38
15 39
15 40
15 41
15 44
15 45
15 46
15 52
15 54
15 57
15 60
15 63
15 64
15 65
15 73
15 76
15 77
15 78
16 30
16 32
16 33
16 37
16 42
16 46
16 68
16 69
16 77
16 79
17 43
17 54
17 70
17 72
18 31
18 33
18 38
18 39
18 42
18 46
18 48
18 51
18 53
18 55
18 56
18 59
18 60
18 63
18 64
18 65
18 66
18 72
18 74
18 78
19 31
19 32
19 34
19 36
19 37
19 41
19 43
19 47
19 48
19 50
19 51
19 52
19 54
19 56
19 57
19 59
19 63
19 64
19 65
19 68
19 70
19 71
19 74
19 75
19 78
19 79
20 28
20 31
20 32
20 33
20 34
20 38
20 43
20 45
20 47
20 49
20 54
20 56
20 58
20 61
20 62
20 64
20 69
20 70
20 73
21 29
21 31
21 33
21 34
21 37
21 38
21 43
21 46
21 47
21 54
21 55
21 57
21 61
21 62
21 66
21 68
21 70
21 71
21 72
21 78
22 33
22 34
22 46
22 55
22 70
23 27
23 28
23 30
23 33
23 34
23 35
23 38
23 39
23 42
23 44
23 45
23 50
23 53
23 59
23 61
23 64
23 65
23 68
23 69
23 71
23 73
23 75
24 28
24 30
24 35
24 37
24 40
24 44
24 47
24 48
24 49
24 54
24 56
24 58
24 60
24 62
24 65
24 66
24 71
24 73
24 74
24 76
24 77
24 78
24 79
25 45
25 70
25 71
26 27
26 36
26 37
26 44
26 47
26 55
26 57
26 58
26 77
26 78