30
0 21
0 23
0 27
1 20
1 21
1 22
1 23
1 24
1 25
1 26
1 27
1 28
1 29
2 20
2 21
2 23
2 25
2 26
2 27
2 28
2 29
3 28
4 20
4 21
4 23
4 26
5 20
5 21
5 23
5 24
5 25
5 26
5 27
5 28
5 29
6 29
7 20
7 21
7 22
7 23
7 26
7 27
7 28
8 21
8 22
8 23
8 24
8 25
8 27
8 29
9 20
9 26
10 21
10 22
10 23
10 24
10 26
10 28
10 29
11 21
12 20
12 23
12 27
12 29
13 21
13 25
13 27
14 21
14 22
14 23
14 25
14 27
14 28
15 20
15 25
15 28
16 24
16 28
17 20
17 21
17 22
17 23
17 24
17 25
17 26
17 28
17 29
18 20
18 21
18 23
18 24
19 20
19 21
19 22
19 23
19 24
19 25
19 26
19 27
19 28
19 29
20 23
20 24
20 25
20 26
20 28
21 23
21 24
21 25
21 26
21 27
21 28
21 29
22 27