GLPK Integer Optimizer, v4.55
544019 rows, 5400 columns, 1805638 non-zeros
0 integer variables, none of which are binary
Preprocessing...
Objective value =   3.087880000e+06
INTEGER OPTIMAL SOLUTION FOUND BY MIP PREPROCESSOR
Total Cost of Cut 3087880.00
     H 0  H 1  H 2  H 3  H 4  H 5  H 6  H 7  H 8  
G 0: 1.00 1.00 0.00 0.00 0.00 0.00 0.00 0.00 0.00 
G 1: 1.00 1.00 0.00 0.00 0.00 0.00 0.00 0.00 0.00 
G 2: 1.00 1.00 0.00 0.00 0.00 0.00 0.00 0.00 0.00 
G 3: 1.00 1.00 0.00 0.00 0.00 0.00 0.00 0.00 0.00 
G 4: 1.00 1.00 0.00 0.00 0.00 0.00 0.00 0.00 0.00 
G 5: 1.00 1.00 0.00 0.00 0.00 0.00 0.00 0.00 0.00 
G 6: 1.00 1.00 0.00 0.00 0.00 0.00 0.00 0.00 0.00 
G 7: 1.00 1.00 0.00 0.00 0.00 0.00 0.00 0.00 0.00 
G 8: 1.00 1.00 0.00 0.00 0.00 0.00 0.00 0.00 0.00 
G 9: 1.00 1.00 0.00 0.00 0.00 0.00 0.00 0.00 0.00 
G 10: 1.00 1.00 0.00 0.00 0.00 0.00 0.00 0.00 0.00 
G 11: 1.00 1.00 0.00 0.00 0.00 0.00 0.00 0.00 0.00 
G 12: 1.00 1.00 0.00 0.00 0.00 0.00 0.00 0.00 0.00 
G 13: 1.00 1.00 0.00 0.00 0.00 0.00 0.00 0.00 0.00 
G 14: 1.00 1.00 0.00 0.00 0.00 0.00 0.00 0.00 0.00 
G 15: 1.00 1.00 0.00 0.00 0.00 0.00 0.00 0.00 0.00 
G 16: 1.00 1.00 0.00 0.00 0.00 0.00 0.00 0.00 0.00 
G 17: 1.00 1.00 0.00 0.00 0.00 0.00 0.00 0.00 0.00 
G 18: 1.00 1.00 0.00 0.00 0.00 0.00 0.00 0.00 0.00 
G 19: 1.00 1.00 0.00 0.00 0.00 0.00 0.00 0.00 0.00 
G 20: 1.00 1.00 0.00 0.00 0.00 0.00 0.00 0.00 0.00 
G 21: 1.00 1.00 0.00 0.00 0.00 0.00 0.00 0.00 0.00 
G 22: 1.00 1.00 0.00 0.00 0.00 0.00 0.00 0.00 0.00 
G 23: 1.00 1.00 0.00 0.00 0.00 0.00 0.00 0.00 0.00 
G 24: 1.00 1.00 0.00 0.00 0.00 0.00 0.00 0.00 0.00 
G 25: 1.00 1.00 1.00 1.00 1.00 1.00 0.00 0.00 0.00 
G 26: 1.00 1.00 1.00 1.00 1.00 1.00 0.00 0.00 0.00 
G 27: 1.00 1.00 1.00 1.00 1.00 1.00 0.00 0.00 0.00 
G 28: 1.00 1.00 1.00 1.00 1.00 1.00 0.00 0.00 0.00 
G 29: 1.00 1.00 1.00 1.00 1.00 1.00 0.00 0.00 0.00 
G 30: 1.00 1.00 1.00 1.00 1.00 1.00 0.00 0.00 0.00 
G 31: 1.00 1.00 1.00 1.00 1.00 1.00 0.00 0.00 0.00 
G 32: 1.00 1.00 1.00 1.00 1.00 1.00 0.00 0.00 0.00 
G 33: 1.00 1.00 1.00 1.00 1.00 1.00 0.00 0.00 0.00 
G 34: 1.00 1.00 1.00 1.00 1.00 1.00 0.00 0.00 0.00 
G 35: 1.00 1.00 1.00 1.00 1.00 1.00 0.00 0.00 0.00 
G 36: 1.00 1.00 1.00 1.00 1.00 1.00 0.00 0.00 0.00 
G 37: 1.00 1.00 1.00 1.00 1.00 1.00 0.00 0.00 0.00 
G 38: 1.00 1.00 1.00 1.00 1.00 1.00 0.00 0.00 0.00 
G 39: 1.00 1.00 1.00 1.00 1.00 1.00 0.00 0.00 0.00 
G 40: 1.00 1.00 1.00 1.00 1.00 1.00 0.00 0.00 0.00 
G 41: 1.00 1.00 1.00 1.00 1.00 1.00 0.00 0.00 0.00 
G 42: 1.00 1.00 1.00 1.00 1.00 1.00 0.00 0.00 0.00 
G 43: 1.00 1.00 1.00 1.00 1.00 1.00 0.00 0.00 0.00 
G 44: 1.00 1.00 1.00 1.00 1.00 1.00 0.00 0.00 0.00 
G 45: 1.00 1.00 1.00 1.00 1.00 1.00 0.00 0.00 0.00 
G 46: 1.00 1.00 1.00 1.00 1.00 1.00 0.00 0.00 0.00 
G 47: 1.00 1.00 1.00 1.00 1.00 1.00 0.00 0.00 0.00 
G 48: 1.00 1.00 1.00 1.00 1.00 1.00 0.00 0.00 0.00 
G 49: 1.00 1.00 1.00 1.00 1.00 1.00 0.00 0.00 0.00 
G 50: 1.00 1.00 1.00 1.00 1.00 1.00 0.00 0.00 0.00 
G 51: 1.00 1.00 1.00 1.00 1.00 1.00 0.00 0.00 0.00 
G 52: 1.00 1.00 1.00 1.00 1.00 1.00 0.00 0.00 0.00 
G 53: 1.00 1.00 1.00 1.00 1.00 1.00 0.00 0.00 0.00 
G 54: 1.00 1.00 1.00 1.00 1.00 1.00 0.00 0.00 0.00 
G 55: 1.00 1.00 1.00 1.00 1.00 1.00 0.00 0.00 0.00 
G 56: 1.00 1.00 1.00 1.00 1.00 1.00 0.00 0.00 0.00 
G 57: 1.00 1.00 1.00 1.00 1.00 1.00 0.00 0.00 0.00 
G 58: 1.00 1.00 1.00 1.00 1.00 1.00 0.00 0.00 0.00 
G 59: 1.00 1.00 1.00 1.00 1.00 1.00 0.00 0.00 0.00 
G 60: 1.00 1.00 1.00 1.00 1.00 1.00 0.00 0.00 0.00 
G 61: 1.00 1.00 1.00 1.00 1.00 1.00 0.00 0.00 0.00 
G 62: 1.00 1.00 1.00 1.00 1.00 1.00 0.00 0.00 0.00 
G 63: 1.00 1.00 1.00 1.00 1.00 1.00 0.00 0.00 0.00 
G 64: 1.00 1.00 1.00 1.00 1.00 1.00 0.00 0.00 0.00 
G 65: 1.00 1.00 1.00 1.00 1.00 1.00 0.00 0.00 0.00 
G 66: 1.00 1.00 1.00 1.00 1.00 1.00 0.00 0.00 0.00 
G 67: 1.00 1.00 1.00 1.00 1.00 1.00 0.00 0.00 0.00 
G 68: 1.00 1.00 1.00 1.00 1.00 1.00 0.00 0.00 0.00 
G 69: 1.00 1.00 1.00 1.00 1.00 1.00 0.00 0.00 0.00 
G 70: 1.00 1.00 1.00 1.00 1.00 1.00 0.00 0.00 0.00 
G 71: 1.00 1.00 1.00 1.00 1.00 1.00 0.00 0.00 0.00 
G 72: 1.00 1.00 1.00 1.00 1.00 1.00 0.00 0.00 0.00 
G 73: 1.00 1.00 1.00 1.00 1.00 1.00 0.00 0.00 0.00 
G 74: 1.00 1.00 1.00 1.00 1.00 1.00 0.00 0.00 0.00 
G 75: 1.00 1.00 1.00 1.00 1.00 1.00 0.00 0.00 0.00 
G 76: 1.00 1.00 1.00 1.00 1.00 1.00 0.00 0.00 0.00 
G 77: 1.00 1.00 1.00 1.00 1.00 1.00 0.00 0.00 0.00 
G 78: 1.00 1.00 1.00 1.00 1.00 1.00 0.00 0.00 0.00 
G 79: 1.00 1.00 1.00 1.00 1.00 1.00 0.00 0.00 0.00 
G 80: 1.00 1.00 1.00 1.00 1.00 1.00 0.00 0.00 0.00 
G 81: 1.00 1.00 1.00 1.00 1.00 1.00 0.00 0.00 0.00 
G 82: 1.00 1.00 1.00 1.00 1.00 1.00 0.00 0.00 0.00 
G 83: 1.00 1.00 1.00 1.00 1.00 1.00 0.00 0.00 0.00 
G 84: 1.00 1.00 1.00 1.00 1.00 1.00 0.00 0.00 0.00 
G 85: 1.00 1.00 1.00 1.00 1.00 1.00 0.00 0.00 0.00 
G 86: 1.00 1.00 1.00 1.00 1.00 1.00 0.00 0.00 0.00 
G 87: 1.00 1.00 1.00 1.00 1.00 1.00 0.00 0.00 0.00 
G 88: 1.00 1.00 1.00 1.00 1.00 1.00 0.00 0.00 0.00 
G 89: 1.00 1.00 1.00 1.00 1.00 1.00 0.00 0.00 0.00 
G 90: 1.00 1.00 1.00 1.00 1.00 1.00 0.00 0.00 0.00 
G 91: 1.00 1.00 1.00 1.00 1.00 1.00 0.00 0.00 0.00 
G 92: 1.00 1.00 1.00 1.00 1.00 1.00 0.00 0.00 0.00 
G 93: 1.00 1.00 1.00 1.00 1.00 1.00 0.00 0.00 0.00 
G 94: 1.00 1.00 1.00 1.00 1.00 1.00 0.00 0.00 0.00 
G 95: 1.00 1.00 1.00 1.00 1.00 1.00 0.00 0.00 0.00 
G 96: 1.00 1.00 1.00 1.00 1.00 1.00 0.00 0.00 0.00 
G 97: 1.00 1.00 1.00 1.00 1.00 1.00 0.00 0.00 0.00 
G 98: 1.00 1.00 1.00 1.00 1.00 1.00 0.00 0.00 0.00 
G 99: 1.00 1.00 1.00 1.00 1.00 1.00 0.00 0.00 0.00 
G 100: 1.00 1.00 1.00 1.00 1.00 1.00 0.00 0.00 0.00 
G 101: 1.00 1.00 1.00 1.00 1.00 1.00 0.00 0.00 0.00 
G 102: 1.00 1.00 1.00 1.00 1.00 1.00 0.00 0.00 0.00 
G 103: 1.00 1.00 1.00 1.00 1.00 1.00 0.00 0.00 0.00 
G 104: 1.00 1.00 1.00 1.00 1.00 1.00 0.00 0.00 0.00 
G 105: 1.00 1.00 1.00 1.00 1.00 1.00 0.00 0.00 0.00 
G 106: 1.00 1.00 1.00 1.00 1.00 1.00 0.00 0.00 0.00 
G 107: 1.00 1.00 1.00 1.00 1.00 1.00 0.00 0.00 0.00 
G 108: 1.00 1.00 1.00 1.00 1.00 1.00 0.00 0.00 0.00 
G 109: 1.00 1.00 1.00 1.00 1.00 1.00 0.00 0.00 0.00 
G 110: 1.00 1.00 1.00 1.00 1.00 1.00 0.00 0.00 0.00 
G 111: 1.00 1.00 1.00 1.00 1.00 1.00 0.00 0.00 0.00 
G 112: 1.00 1.00 1.00 1.00 1.00 1.00 0.00 0.00 0.00 
G 113: 1.00 1.00 1.00 1.00 1.00 1.00 0.00 0.00 0.00 
G 114: 1.00 1.00 1.00 1.00 1.00 1.00 0.00 0.00 0.00 
G 115: 1.00 1.00 1.00 1.00 1.00 1.00 0.00 0.00 0.00 
G 116: 1.00 1.00 1.00 1.00 1.00 1.00 0.00 0.00 0.00 
G 117: 1.00 1.00 1.00 1.00 1.00 1.00 0.00 0.00 0.00 
G 118: 1.00 1.00 1.00 1.00 1.00 1.00 0.00 0.00 0.00 
G 119: 1.00 1.00 1.00 1.00 1.00 1.00 0.00 0.00 0.00 
G 120: 1.00 1.00 1.00 1.00 1.00 1.00 0.00 0.00 0.00 
G 121: 1.00 1.00 1.00 1.00 1.00 1.00 0.00 0.00 0.00 
G 122: 1.00 1.00 1.00 1.00 1.00 1.00 0.00 0.00 0.00 
G 123: 1.00 1.00 1.00 1.00 1.00 1.00 0.00 0.00 0.00 
G 124: 1.00 1.00 1.00 1.00 1.00 1.00 0.00 0.00 0.00 
G 125: 1.00 1.00 1.00 1.00 1.00 1.00 0.00 0.00 0.00 
G 126: 1.00 1.00 1.00 1.00 1.00 1.00 0.00 0.00 0.00 
G 127: 1.00 1.00 1.00 1.00 1.00 1.00 0.00 0.00 0.00 
G 128: 1.00 1.00 1.00 1.00 1.00 1.00 0.00 0.00 0.00 
G 129: 1.00 1.00 1.00 1.00 1.00 1.00 0.00 0.00 0.00 
G 130: 1.00 1.00 1.00 1.00 1.00 1.00 0.00 0.00 0.00 
G 131: 1.00 1.00 1.00 1.00 1.00 1.00 0.00 0.00 0.00 
G 132: 1.00 1.00 1.00 1.00 1.00 1.00 0.00 0.00 0.00 
G 133: 1.00 1.00 1.00 1.00 1.00 1.00 0.00 0.00 0.00 
G 134: 1.00 1.00 1.00 1.00 1.00 1.00 0.00 0.00 0.00 
G 135: 1.00 1.00 1.00 1.00 1.00 1.00 0.00 0.00 0.00 
G 136: 1.00 1.00 1.00 1.00 1.00 1.00 0.00 0.00 0.00 
G 137: 1.00 1.00 1.00 1.00 1.00 1.00 0.00 0.00 0.00 
G 138: 1.00 1.00 1.00 1.00 1.00 1.00 0.00 0.00 0.00 
G 139: 1.00 1.00 1.00 1.00 1.00 1.00 0.00 0.00 0.00 
G 140: 1.00 1.00 1.00 1.00 1.00 1.00 0.00 0.00 0.00 
G 141: 1.00 1.00 1.00 1.00 1.00 1.00 0.00 0.00 0.00 
G 142: 1.00 1.00 1.00 1.00 1.00 1.00 0.00 0.00 0.00 
G 143: 1.00 1.00 1.00 1.00 1.00 1.00 0.00 0.00 0.00 
G 144: 1.00 1.00 1.00 1.00 1.00 1.00 0.00 0.00 0.00 
G 145: 1.00 1.00 1.00 1.00 1.00 1.00 0.00 0.00 0.00 
G 146: 1.00 1.00 1.00 1.00 1.00 1.00 0.00 0.00 0.00 
G 147: 1.00 1.00 1.00 1.00 1.00 1.00 0.00 0.00 0.00 
G 148: 1.00 1.00 1.00 1.00 1.00 1.00 0.00 0.00 0.00 
G 149: 1.00 1.00 1.00 1.00 1.00 1.00 0.00 0.00 0.00 
G 150: 1.00 1.00 1.00 1.00 1.00 1.00 0.00 0.00 0.00 
G 151: 1.00 1.00 1.00 1.00 1.00 1.00 0.00 0.00 0.00 
G 152: 1.00 1.00 1.00 1.00 1.00 1.00 0.00 0.00 0.00 
G 153: 1.00 1.00 1.00 1.00 1.00 1.00 0.00 0.00 0.00 
G 154: 1.00 1.00 1.00 1.00 1.00 1.00 0.00 0.00 0.00 
G 155: 1.00 1.00 1.00 1.00 1.00 1.00 0.00 0.00 0.00 
G 156: 1.00 1.00 1.00 1.00 1.00 1.00 0.00 0.00 0.00 
G 157: 1.00 1.00 1.00 1.00 1.00 1.00 0.00 0.00 0.00 
G 158: 1.00 1.00 1.00 1.00 1.00 1.00 0.00 0.00 0.00 
G 159: 1.00 1.00 1.00 1.00 1.00 1.00 0.00 0.00 0.00 
G 160: 1.00 1.00 1.00 1.00 1.00 1.00 0.00 0.00 0.00 
G 161: 1.00 1.00 1.00 1.00 1.00 1.00 0.00 0.00 0.00 
G 162: 1.00 1.00 1.00 1.00 1.00 1.00 0.00 0.00 0.00 
G 163: 1.00 1.00 1.00 1.00 1.00 1.00 0.00 0.00 0.00 
G 164: 1.00 1.00 1.00 1.00 1.00 1.00 0.00 0.00 0.00 
G 165: 1.00 1.00 1.00 1.00 1.00 1.00 0.00 0.00 0.00 
G 166: 1.00 1.00 1.00 1.00 1.00 1.00 0.00 0.00 0.00 
G 167: 1.00 1.00 1.00 1.00 1.00 1.00 0.00 0.00 0.00 
G 168: 1.00 1.00 1.00 1.00 1.00 1.00 0.00 0.00 0.00 
G 169: 1.00 1.00 1.00 1.00 1.00 1.00 0.00 0.00 0.00 
G 170: 1.00 1.00 1.00 1.00 1.00 1.00 0.00 0.00 0.00 
G 171: 1.00 1.00 1.00 1.00 1.00 1.00 0.00 0.00 0.00 
G 172: 1.00 1.00 1.00 1.00 1.00 1.00 0.00 0.00 0.00 
G 173: 1.00 1.00 1.00 1.00 1.00 1.00 0.00 0.00 0.00 
G 174: 1.00 1.00 1.00 1.00 1.00 1.00 0.00 0.00 0.00 
G 175: 1.00 1.00 1.00 1.00 1.00 1.00 0.00 0.00 0.00 
G 176: 1.00 1.00 1.00 1.00 1.00 1.00 0.00 0.00 0.00 
G 177: 1.00 1.00 1.00 1.00 1.00 1.00 0.00 0.00 0.00 
G 178: 1.00 1.00 1.00 1.00 1.00 1.00 0.00 0.00 0.00 
G 179: 1.00 1.00 1.00 1.00 1.00 1.00 0.00 0.00 0.00 
G 180: 1.00 1.00 1.00 1.00 1.00 1.00 0.00 0.00 0.00 
G 181: 1.00 1.00 1.00 1.00 1.00 1.00 0.00 0.00 0.00 
G 182: 1.00 1.00 1.00 1.00 1.00 1.00 0.00 0.00 0.00 
G 183: 1.00 1.00 1.00 1.00 1.00 1.00 0.00 0.00 0.00 
G 184: 1.00 1.00 1.00 1.00 1.00 1.00 0.00 0.00 0.00 
G 185: 1.00 1.00 1.00 1.00 1.00 1.00 0.00 0.00 0.00 
G 186: 1.00 1.00 1.00 1.00 1.00 1.00 0.00 0.00 0.00 
G 187: 1.00 1.00 1.00 1.00 1.00 1.00 0.00 0.00 0.00 
G 188: 1.00 1.00 1.00 1.00 1.00 1.00 0.00 0.00 0.00 
G 189: 1.00 1.00 1.00 1.00 1.00 1.00 0.00 0.00 0.00 
G 190: 1.00 1.00 1.00 1.00 1.00 1.00 0.00 0.00 0.00 
G 191: 1.00 1.00 1.00 1.00 1.00 0.00 0.00 0.00 0.00 
G 192: 1.00 1.00 1.00 1.00 1.00 0.00 0.00 0.00 0.00 
G 193: 1.00 1.00 1.00 1.00 1.00 0.00 0.00 0.00 0.00 
G 194: 1.00 1.00 1.00 1.00 1.00 0.00 0.00 0.00 0.00 
G 195: 1.00 1.00 1.00 1.00 1.00 0.00 0.00 0.00 0.00 
G 196: 1.00 1.00 1.00 1.00 1.00 0.00 0.00 0.00 0.00 
G 197: 1.00 1.00 1.00 1.00 1.00 0.00 0.00 0.00 0.00 
G 198: 1.00 1.00 1.00 1.00 1.00 0.00 0.00 0.00 0.00 
G 199: 1.00 1.00 1.00 1.00 1.00 0.00 0.00 0.00 0.00 
G 200: 1.00 1.00 1.00 1.00 1.00 0.00 0.00 0.00 0.00 
G 201: 1.00 1.00 1.00 1.00 1.00 0.00 0.00 0.00 0.00 
G 202: 1.00 1.00 1.00 1.00 1.00 0.00 0.00 0.00 0.00 
G 203: 1.00 1.00 1.00 1.00 1.00 0.00 0.00 0.00 0.00 
G 204: 1.00 1.00 1.00 1.00 1.00 0.00 0.00 0.00 0.00 
G 205: 1.00 1.00 1.00 1.00 1.00 0.00 0.00 0.00 0.00 
G 206: 1.00 1.00 1.00 1.00 1.00 0.00 0.00 0.00 0.00 
G 207: 1.00 1.00 1.00 1.00 1.00 0.00 0.00 0.00 0.00 
G 208: 1.00 1.00 1.00 1.00 1.00 0.00 0.00 0.00 0.00 
G 209: 1.00 1.00 1.00 1.00 1.00 0.00 0.00 0.00 0.00 
G 210: 1.00 1.00 1.00 1.00 1.00 0.00 0.00 0.00 0.00 
G 211: 1.00 1.00 1.00 1.00 1.00 0.00 0.00 0.00 0.00 
G 212: 1.00 1.00 1.00 1.00 1.00 0.00 0.00 0.00 0.00 
G 213: 1.00 1.00 1.00 1.00 1.00 0.00 0.00 0.00 0.00 
G 214: 1.00 1.00 1.00 1.00 1.00 0.00 0.00 0.00 0.00 
G 215: 1.00 1.00 1.00 1.00 1.00 0.00 0.00 0.00 0.00 
G 216: 1.00 1.00 1.00 1.00 1.00 0.00 0.00 0.00 0.00 
G 217: 1.00 1.00 1.00 1.00 1.00 0.00 0.00 0.00 0.00 
G 218: 1.00 1.00 1.00 1.00 1.00 0.00 0.00 0.00 0.00 
G 219: 1.00 1.00 1.00 1.00 1.00 0.00 0.00 0.00 0.00 
G 220: 1.00 1.00 1.00 1.00 1.00 0.00 0.00 0.00 0.00 
G 221: 1.00 1.00 1.00 1.00 1.00 0.00 0.00 0.00 0.00 
G 222: 1.00 1.00 1.00 1.00 1.00 0.00 0.00 0.00 0.00 
G 223: 1.00 1.00 1.00 1.00 1.00 0.00 0.00 0.00 0.00 
G 224: 1.00 1.00 1.00 1.00 1.00 0.00 0.00 0.00 0.00 
G 225: 1.00 1.00 1.00 1.00 1.00 0.00 0.00 0.00 0.00 
G 226: 1.00 1.00 1.00 1.00 1.00 0.00 0.00 0.00 0.00 
G 227: 1.00 1.00 1.00 1.00 1.00 0.00 0.00 0.00 0.00 
G 228: 1.00 1.00 1.00 1.00 1.00 0.00 0.00 0.00 0.00 
G 229: 1.00 1.00 1.00 1.00 1.00 0.00 0.00 0.00 0.00 
G 230: 1.00 1.00 1.00 1.00 1.00 0.00 0.00 0.00 0.00 
G 231: 1.00 1.00 1.00 1.00 1.00 0.00 0.00 0.00 0.00 
G 232: 1.00 1.00 1.00 1.00 1.00 0.00 0.00 0.00 0.00 
G 233: 1.00 1.00 1.00 1.00 1.00 0.00 0.00 0.00 0.00 
G 234: 1.00 1.00 1.00 1.00 1.00 0.00 0.00 0.00 0.00 
G 235: 1.00 1.00 1.00 1.00 1.00 0.00 0.00 0.00 0.00 
G 236: 1.00 1.00 1.00 1.00 1.00 0.00 0.00 0.00 0.00 
G 237: 1.00 1.00 1.00 1.00 1.00 0.00 0.00 0.00 0.00 
G 238: 1.00 1.00 1.00 1.00 1.00 0.00 0.00 0.00 0.00 
G 239: 1.00 1.00 1.00 1.00 1.00 0.00 0.00 0.00 0.00 
G 240: 1.00 1.00 1.00 1.00 1.00 0.00 0.00 0.00 0.00 
G 241: 1.00 1.00 1.00 1.00 1.00 0.00 0.00 0.00 0.00 
G 242: 1.00 1.00 1.00 1.00 1.00 0.00 0.00 0.00 0.00 
G 243: 1.00 1.00 1.00 1.00 1.00 0.00 0.00 0.00 0.00 
G 244: 1.00 1.00 1.00 1.00 1.00 0.00 0.00 0.00 0.00 
G 245: 1.00 1.00 1.00 1.00 1.00 0.00 0.00 0.00 0.00 
G 246: 1.00 1.00 1.00 1.00 1.00 0.00 0.00 0.00 0.00 
G 247: 1.00 1.00 1.00 1.00 1.00 0.00 0.00 0.00 0.00 
G 248: 1.00 1.00 1.00 1.00 1.00 0.00 0.00 0.00 0.00 
G 249: 1.00 1.00 1.00 1.00 1.00 0.00 0.00 0.00 0.00 
G 250: 1.00 1.00 1.00 1.00 1.00 0.00 0.00 0.00 0.00 
G 251: 1.00 1.00 1.00 1.00 1.00 0.00 0.00 0.00 0.00 
G 252: 1.00 1.00 1.00 1.00 1.00 0.00 0.00 0.00 0.00 
G 253: 1.00 1.00 1.00 1.00 1.00 0.00 0.00 0.00 0.00 
G 254: 1.00 1.00 1.00 1.00 1.00 0.00 0.00 0.00 0.00 
G 255: 1.00 1.00 1.00 1.00 1.00 0.00 0.00 0.00 0.00 
G 256: 1.00 1.00 1.00 1.00 1.00 0.00 0.00 0.00 0.00 
G 257: 1.00 1.00 1.00 1.00 1.00 0.00 0.00 0.00 0.00 
G 258: 1.00 1.00 1.00 1.00 1.00 0.00 0.00 0.00 0.00 
G 259: 1.00 1.00 1.00 1.00 1.00 0.00 0.00 0.00 0.00 
G 260: 1.00 1.00 1.00 1.00 1.00 0.00 0.00 0.00 0.00 
G 261: 1.00 1.00 1.00 1.00 1.00 0.00 0.00 0.00 0.00 
G 262: 1.00 1.00 1.00 1.00 1.00 0.00 0.00 0.00 0.00 
G 263: 1.00 1.00 1.00 1.00 1.00 0.00 0.00 0.00 0.00 
G 264: 1.00 1.00 1.00 1.00 1.00 0.00 0.00 0.00 0.00 
G 265: 1.00 1.00 1.00 1.00 1.00 0.00 0.00 0.00 0.00 
G 266: 1.00 1.00 1.00 1.00 1.00 0.00 0.00 0.00 0.00 
G 267: 1.00 1.00 1.00 1.00 1.00 0.00 0.00 0.00 0.00 
G 268: 1.00 1.00 1.00 1.00 1.00 0.00 0.00 0.00 0.00 
G 269: 1.00 1.00 1.00 1.00 1.00 0.00 0.00 0.00 0.00 
G 270: 1.00 1.00 1.00 1.00 1.00 0.00 0.00 0.00 0.00 
G 271: 1.00 1.00 1.00 1.00 1.00 0.00 0.00 0.00 0.00 
G 272: 1.00 1.00 1.00 1.00 1.00 0.00 0.00 0.00 0.00 
G 273: 1.00 1.00 1.00 1.00 1.00 0.00 0.00 0.00 0.00 
G 274: 1.00 1.00 1.00 1.00 1.00 0.00 0.00 0.00 0.00 
G 275: 1.00 1.00 1.00 1.00 1.00 0.00 0.00 0.00 0.00 
G 276: 1.00 1.00 1.00 1.00 1.00 0.00 0.00 0.00 0.00 
G 277: 1.00 1.00 1.00 1.00 1.00 0.00 0.00 0.00 0.00 
G 278: 1.00 1.00 1.00 1.00 1.00 0.00 0.00 0.00 0.00 
G 279: 1.00 1.00 1.00 1.00 1.00 0.00 0.00 0.00 0.00 
G 280: 1.00 1.00 1.00 1.00 1.00 0.00 0.00 0.00 0.00 
G 281: 1.00 1.00 1.00 1.00 1.00 0.00 0.00 0.00 0.00 
G 282: 1.00 1.00 1.00 1.00 1.00 0.00 0.00 0.00 0.00 
G 283: 1.00 1.00 1.00 1.00 1.00 0.00 0.00 0.00 0.00 
G 284: 1.00 1.00 1.00 1.00 1.00 0.00 0.00 0.00 0.00 
G 285: 1.00 1.00 1.00 1.00 1.00 0.00 0.00 0.00 0.00 
G 286: 1.00 1.00 1.00 1.00 1.00 0.00 0.00 0.00 0.00 
G 287: 1.00 1.00 1.00 1.00 1.00 0.00 0.00 0.00 0.00 
G 288: 1.00 1.00 1.00 1.00 1.00 0.00 0.00 0.00 0.00 
G 289: 1.00 1.00 1.00 1.00 1.00 0.00 0.00 0.00 0.00 
G 290: 1.00 1.00 1.00 1.00 1.00 0.00 0.00 0.00 0.00 
G 291: 1.00 1.00 1.00 1.00 1.00 0.00 0.00 0.00 0.00 
G 292: 1.00 1.00 1.00 1.00 1.00 0.00 0.00 0.00 0.00 
G 293: 1.00 1.00 1.00 1.00 1.00 0.00 0.00 0.00 0.00 
G 294: 1.00 1.00 1.00 1.00 1.00 0.00 0.00 0.00 0.00 
G 295: 1.00 1.00 1.00 1.00 1.00 0.00 0.00 0.00 0.00 
G 296: 1.00 1.00 1.00 1.00 1.00 0.00 0.00 0.00 0.00 
G 297: 1.00 1.00 1.00 1.00 1.00 0.00 0.00 0.00 0.00 
G 298: 1.00 1.00 1.00 1.00 1.00 0.00 0.00 0.00 0.00 
G 299: 1.00 1.00 1.00 1.00 1.00 0.00 0.00 0.00 0.00 
G 300: 1.00 1.00 1.00 1.00 1.00 0.00 0.00 0.00 0.00 
G 301: 1.00 1.00 1.00 1.00 1.00 0.00 0.00 0.00 0.00 
G 302: 1.00 1.00 1.00 1.00 1.00 0.00 0.00 0.00 0.00 
G 303: 1.00 1.00 1.00 1.00 1.00 0.00 0.00 0.00 0.00 
G 304: 1.00 1.00 1.00 1.00 1.00 0.00 0.00 0.00 0.00 
G 305: 1.00 1.00 1.00 1.00 1.00 0.00 0.00 0.00 0.00 
G 306: 1.00 1.00 1.00 1.00 1.00 0.00 0.00 0.00 0.00 
G 307: 1.00 1.00 1.00 1.00 1.00 0.00 0.00 0.00 0.00 
G 308: 1.00 1.00 1.00 1.00 1.00 0.00 0.00 0.00 0.00 
G 309: 1.00 1.00 1.00 1.00 1.00 0.00 0.00 0.00 0.00 
G 310: 1.00 1.00 1.00 1.00 1.00 0.00 0.00 0.00 0.00 
G 311: 1.00 1.00 1.00 1.00 1.00 0.00 0.00 0.00 0.00 
G 312: 1.00 1.00 1.00 1.00 1.00 0.00 0.00 0.00 0.00 
G 313: 1.00 1.00 1.00 1.00 1.00 0.00 0.00 0.00 0.00 
G 314: 1.00 1.00 1.00 1.00 1.00 0.00 0.00 0.00 0.00 
G 315: 1.00 1.00 1.00 1.00 1.00 0.00 0.00 0.00 0.00 
G 316: 1.00 1.00 1.00 1.00 1.00 0.00 0.00 0.00 0.00 
G 317: 1.00 1.00 1.00 1.00 1.00 0.00 0.00 0.00 0.00 
G 318: 1.00 1.00 1.00 1.00 1.00 0.00 0.00 0.00 0.00 
G 319: 1.00 1.00 1.00 1.00 1.00 0.00 0.00 0.00 0.00 
G 320: 1.00 1.00 1.00 1.00 1.00 0.00 0.00 0.00 0.00 
G 321: 1.00 1.00 1.00 1.00 1.00 0.00 0.00 0.00 0.00 
G 322: 1.00 1.00 1.00 1.00 1.00 0.00 0.00 0.00 0.00 
G 323: 1.00 1.00 1.00 1.00 1.00 0.00 0.00 0.00 0.00 
G 324: 1.00 1.00 1.00 1.00 1.00 0.00 0.00 0.00 0.00 
G 325: 1.00 1.00 1.00 1.00 1.00 0.00 0.00 0.00 0.00 
G 326: 1.00 1.00 1.00 1.00 1.00 0.00 0.00 0.00 0.00 
G 327: 1.00 1.00 1.00 1.00 1.00 0.00 0.00 0.00 0.00 
G 328: 1.00 1.00 1.00 1.00 1.00 0.00 0.00 0.00 0.00 
G 329: 1.00 1.00 1.00 1.00 1.00 0.00 0.00 0.00 0.00 
G 330: 1.00 1.00 1.00 1.00 1.00 0.00 0.00 0.00 0.00 
G 331: 1.00 1.00 1.00 1.00 1.00 0.00 0.00 0.00 0.00 
G 332: 1.00 1.00 1.00 1.00 1.00 0.00 0.00 0.00 0.00 
G 333: 1.00 1.00 1.00 1.00 1.00 0.00 0.00 0.00 0.00 
G 334: 1.00 1.00 1.00 1.00 1.00 0.00 0.00 0.00 0.00 
G 335: 1.00 1.00 1.00 1.00 1.00 0.00 0.00 0.00 0.00 
G 336: 1.00 1.00 1.00 1.00 1.00 0.00 0.00 0.00 0.00 
G 337: 1.00 1.00 1.00 1.00 1.00 0.00 0.00 0.00 0.00 
G 338: 1.00 1.00 1.00 1.00 1.00 0.00 0.00 0.00 0.00 
G 339: 1.00 1.00 1.00 1.00 1.00 0.00 0.00 0.00 0.00 
G 340: 1.00 1.00 1.00 1.00 1.00 0.00 0.00 0.00 0.00 
G 341: 1.00 1.00 1.00 1.00 1.00 0.00 0.00 0.00 0.00 
G 342: 1.00 1.00 1.00 1.00 1.00 0.00 0.00 0.00 0.00 
G 343: 1.00 1.00 1.00 1.00 1.00 0.00 0.00 0.00 0.00 
G 344: 1.00 1.00 1.00 1.00 1.00 0.00 0.00 0.00 0.00 
G 345: 1.00 1.00 1.00 1.00 1.00 0.00 0.00 0.00 0.00 
G 346: 1.00 1.00 1.00 1.00 1.00 0.00 0.00 0.00 0.00 
G 347: 1.00 1.00 1.00 1.00 1.00 0.00 0.00 0.00 0.00 
G 348: 1.00 1.00 1.00 1.00 1.00 0.00 0.00 0.00 0.00 
G 349: 1.00 1.00 1.00 1.00 1.00 0.00 0.00 0.00 0.00 
G 350: 1.00 1.00 1.00 1.00 1.00 0.00 0.00 0.00 0.00 
G 351: 1.00 1.00 1.00 1.00 1.00 0.00 0.00 0.00 0.00 
G 352: 1.00 1.00 1.00 1.00 1.00 0.00 0.00 0.00 0.00 
G 353: 1.00 1.00 1.00 1.00 1.00 0.00 0.00 0.00 0.00 
G 354: 1.00 1.00 1.00 1.00 1.00 0.00 0.00 0.00 0.00 
G 355: 1.00 1.00 1.00 1.00 1.00 0.00 0.00 0.00 0.00 
G 356: 1.00 1.00 1.00 1.00 1.00 0.00 0.00 0.00 0.00 
G 357: 1.00 1.00 1.00 1.00 1.00 0.00 0.00 0.00 0.00 
G 358: 1.00 1.00 1.00 1.00 1.00 0.00 0.00 0.00 0.00 
G 359: 1.00 1.00 1.00 1.00 1.00 0.00 0.00 0.00 0.00 
G 360: 1.00 1.00 1.00 1.00 1.00 0.00 0.00 0.00 0.00 
G 361: 1.00 1.00 1.00 1.00 1.00 0.00 0.00 0.00 0.00 
G 362: 1.00 1.00 1.00 1.00 1.00 0.00 0.00 0.00 0.00 
G 363: 1.00 1.00 1.00 1.00 1.00 0.00 0.00 0.00 0.00 
G 364: 1.00 1.00 1.00 1.00 1.00 0.00 0.00 0.00 0.00 
G 365: 1.00 1.00 1.00 1.00 1.00 0.00 0.00 0.00 0.00 
G 366: 1.00 1.00 1.00 1.00 1.00 0.00 0.00 0.00 0.00 
G 367: 1.00 1.00 1.00 1.00 1.00 0.00 0.00 0.00 0.00 
G 368: 1.00 1.00 1.00 1.00 1.00 0.00 0.00 0.00 0.00 
G 369: 1.00 1.00 1.00 1.00 1.00 0.00 0.00 0.00 0.00 
G 370: 1.00 1.00 1.00 1.00 1.00 0.00 0.00 0.00 0.00 
G 371: 1.00 1.00 1.00 1.00 1.00 0.00 0.00 0.00 0.00 
G 372: 1.00 1.00 1.00 1.00 1.00 0.00 0.00 0.00 0.00 
G 373: 1.00 1.00 1.00 1.00 1.00 0.00 0.00 0.00 0.00 
G 374: 1.00 1.00 1.00 1.00 1.00 0.00 0.00 0.00 0.00 
G 375: 1.00 1.00 1.00 1.00 1.00 0.00 0.00 0.00 0.00 
G 376: 1.00 1.00 1.00 1.00 1.00 0.00 0.00 0.00 0.00 
G 377: 1.00 1.00 1.00 1.00 1.00 0.00 0.00 0.00 0.00 
G 378: 1.00 1.00 1.00 1.00 1.00 0.00 0.00 0.00 0.00 
G 379: 1.00 1.00 1.00 1.00 1.00 0.00 0.00 0.00 0.00 
G 380: 1.00 1.00 1.00 1.00 1.00 0.00 0.00 0.00 0.00 
G 381: 1.00 1.00 1.00 1.00 1.00 0.00 0.00 0.00 0.00 
G 382: 1.00 1.00 1.00 1.00 1.00 0.00 0.00 0.00 0.00 
G 383: 1.00 1.00 1.00 1.00 1.00 0.00 0.00 0.00 0.00 
G 384: 1.00 1.00 1.00 1.00 1.00 0.00 0.00 0.00 0.00 
G 385: 1.00 1.00 1.00 1.00 1.00 0.00 0.00 0.00 0.00 
G 386: 1.00 1.00 1.00 1.00 1.00 0.00 0.00 0.00 0.00 
G 387: 1.00 1.00 1.00 1.00 1.00 0.00 0.00 0.00 0.00 
G 388: 1.00 1.00 1.00 1.00 1.00 0.00 0.00 0.00 0.00 
G 389: 1.00 1.00 1.00 1.00 1.00 0.00 0.00 0.00 0.00 
G 390: 1.00 1.00 1.00 1.00 1.00 0.00 0.00 0.00 0.00 
G 391: 1.00 1.00 1.00 1.00 1.00 0.00 0.00 0.00 0.00 
G 392: 1.00 1.00 1.00 1.00 1.00 0.00 0.00 0.00 0.00 
G 393: 1.00 1.00 1.00 1.00 1.00 0.00 0.00 0.00 0.00 
G 394: 1.00 1.00 1.00 1.00 1.00 0.00 0.00 0.00 0.00 
G 395: 1.00 1.00 1.00 1.00 1.00 0.00 0.00 0.00 0.00 
G 396: 1.00 1.00 1.00 1.00 1.00 0.00 0.00 0.00 0.00 
G 397: 1.00 1.00 1.00 1.00 1.00 0.00 0.00 0.00 0.00 
G 398: 1.00 1.00 1.00 1.00 1.00 0.00 0.00 0.00 0.00 
G 399: 1.00 1.00 1.00 1.00 1.00 0.00 0.00 0.00 0.00 
G 400: 1.00 1.00 1.00 1.00 1.00 0.00 0.00 0.00 0.00 
G 401: 1.00 1.00 1.00 1.00 1.00 0.00 0.00 0.00 0.00 
G 402: 1.00 1.00 1.00 1.00 1.00 0.00 0.00 0.00 0.00 
G 403: 1.00 1.00 1.00 1.00 1.00 0.00 0.00 0.00 0.00 
G 404: 1.00 1.00 1.00 1.00 1.00 0.00 0.00 0.00 0.00 
G 405: 1.00 1.00 1.00 1.00 1.00 0.00 0.00 0.00 0.00 
G 406: 1.00 1.00 1.00 1.00 1.00 0.00 0.00 0.00 0.00 
G 407: 1.00 1.00 1.00 1.00 1.00 0.00 0.00 0.00 0.00 
G 408: 1.00 1.00 1.00 1.00 1.00 0.00 0.00 0.00 0.00 
G 409: 1.00 1.00 1.00 1.00 1.00 0.00 0.00 0.00 0.00 
G 410: 1.00 1.00 1.00 1.00 1.00 0.00 0.00 0.00 0.00 
G 411: 1.00 1.00 1.00 1.00 1.00 0.00 0.00 0.00 0.00 
G 412: 1.00 1.00 1.00 1.00 1.00 0.00 0.00 0.00 0.00 
G 413: 1.00 1.00 1.00 1.00 1.00 0.00 0.00 0.00 0.00 
G 414: 1.00 1.00 1.00 1.00 1.00 0.00 0.00 0.00 0.00 
G 415: 1.00 1.00 1.00 1.00 1.00 0.00 0.00 0.00 0.00 
G 416: 1.00 1.00 1.00 1.00 1.00 0.00 0.00 0.00 0.00 
G 417: 1.00 1.00 1.00 1.00 1.00 0.00 0.00 0.00 0.00 
G 418: 1.00 1.00 1.00 1.00 1.00 0.00 0.00 0.00 0.00 
G 419: 1.00 1.00 1.00 1.00 1.00 0.00 0.00 0.00 0.00 
G 420: 1.00 1.00 1.00 1.00 1.00 0.00 0.00 0.00 0.00 
G 421: 1.00 1.00 1.00 1.00 1.00 0.00 0.00 0.00 0.00 
G 422: 1.00 1.00 1.00 1.00 1.00 0.00 0.00 0.00 0.00 
G 423: 1.00 1.00 1.00 1.00 1.00 0.00 0.00 0.00 0.00 
G 424: 1.00 1.00 1.00 1.00 1.00 0.00 0.00 0.00 0.00 
G 425: 1.00 1.00 1.00 1.00 1.00 0.00 0.00 0.00 0.00 
G 426: 1.00 1.00 1.00 1.00 1.00 0.00 0.00 0.00 0.00 
G 427: 1.00 1.00 1.00 1.00 1.00 0.00 0.00 0.00 0.00 
G 428: 1.00 1.00 1.00 1.00 1.00 0.00 0.00 0.00 0.00 
G 429: 1.00 1.00 1.00 1.00 1.00 0.00 0.00 0.00 0.00 
G 430: 1.00 1.00 1.00 1.00 1.00 0.00 0.00 0.00 0.00 
G 431: 1.00 1.00 1.00 1.00 1.00 0.00 0.00 0.00 0.00 
G 432: 1.00 1.00 1.00 1.00 1.00 0.00 0.00 0.00 0.00 
G 433: 1.00 1.00 1.00 1.00 1.00 0.00 0.00 0.00 0.00 
G 434: 1.00 1.00 1.00 1.00 1.00 0.00 0.00 0.00 0.00 
G 435: 1.00 1.00 1.00 1.00 1.00 0.00 0.00 0.00 0.00 
G 436: 1.00 1.00 1.00 1.00 1.00 0.00 0.00 0.00 0.00 
G 437: 1.00 1.00 1.00 1.00 1.00 0.00 0.00 0.00 0.00 
G 438: 1.00 1.00 1.00 1.00 1.00 0.00 0.00 0.00 0.00 
G 439: 1.00 1.00 1.00 1.00 1.00 0.00 0.00 0.00 0.00 
G 440: 1.00 1.00 1.00 1.00 1.00 0.00 0.00 0.00 0.00 
G 441: 1.00 1.00 1.00 1.00 1.00 0.00 0.00 0.00 0.00 
G 442: 1.00 1.00 1.00 1.00 1.00 0.00 0.00 0.00 0.00 
G 443: 1.00 1.00 1.00 1.00 1.00 0.00 0.00 0.00 0.00 
G 444: 1.00 1.00 1.00 1.00 1.00 0.00 0.00 0.00 0.00 
G 445: 1.00 1.00 1.00 1.00 1.00 0.00 0.00 0.00 0.00 
G 446: 1.00 1.00 1.00 1.00 1.00 0.00 0.00 0.00 0.00 
G 447: 1.00 1.00 1.00 1.00 1.00 0.00 0.00 0.00 0.00 
G 448: 1.00 1.00 1.00 1.00 1.00 0.00 0.00 0.00 0.00 
G 449: 1.00 1.00 1.00 1.00 1.00 0.00 0.00 0.00 0.00 
G 450: 1.00 1.00 1.00 1.00 1.00 0.00 0.00 0.00 0.00 
G 451: 1.00 1.00 1.00 1.00 1.00 0.00 0.00 0.00 0.00 
G 452: 1.00 1.00 1.00 1.00 1.00 0.00 0.00 0.00 0.00 
G 453: 1.00 1.00 1.00 1.00 1.00 0.00 0.00 0.00 0.00 
G 454: 1.00 1.00 1.00 1.00 1.00 0.00 0.00 0.00 0.00 
G 455: 1.00 1.00 1.00 1.00 1.00 0.00 0.00 0.00 0.00 
G 456: 1.00 1.00 1.00 1.00 1.00 0.00 0.00 0.00 0.00 
G 457: 1.00 1.00 1.00 1.00 1.00 0.00 0.00 0.00 0.00 
G 458: 1.00 1.00 1.00 1.00 1.00 0.00 0.00 0.00 0.00 
G 459: 1.00 1.00 1.00 1.00 1.00 0.00 0.00 0.00 0.00 
G 460: 1.00 1.00 1.00 1.00 1.00 0.00 0.00 0.00 0.00 
G 461: 1.00 1.00 1.00 1.00 1.00 0.00 0.00 0.00 0.00 
G 462: 1.00 1.00 1.00 1.00 1.00 0.00 0.00 0.00 0.00 
G 463: 1.00 1.00 1.00 1.00 1.00 0.00 0.00 0.00 0.00 
G 464: 1.00 1.00 1.00 1.00 1.00 0.00 0.00 0.00 0.00 
G 465: 1.00 1.00 1.00 1.00 1.00 0.00 0.00 0.00 0.00 
G 466: 1.00 1.00 1.00 1.00 1.00 0.00 0.00 0.00 0.00 
G 467: 1.00 1.00 1.00 1.00 1.00 0.00 0.00 0.00 0.00 
G 468: 1.00 1.00 1.00 1.00 1.00 0.00 0.00 0.00 0.00 
G 469: 1.00 1.00 1.00 1.00 1.00 0.00 0.00 0.00 0.00 
G 470: 1.00 1.00 1.00 1.00 1.00 0.00 0.00 0.00 0.00 
G 471: 1.00 1.00 1.00 1.00 1.00 0.00 0.00 0.00 0.00 
G 472: 1.00 1.00 1.00 1.00 1.00 0.00 0.00 0.00 0.00 
G 473: 1.00 1.00 1.00 1.00 1.00 0.00 0.00 0.00 0.00 
G 474: 1.00 1.00 1.00 1.00 1.00 0.00 0.00 0.00 0.00 
G 475: 1.00 1.00 1.00 1.00 1.00 0.00 0.00 0.00 0.00 
G 476: 1.00 1.00 1.00 1.00 1.00 0.00 0.00 0.00 0.00 
G 477: 1.00 1.00 1.00 1.00 1.00 0.00 0.00 0.00 0.00 
G 478: 1.00 1.00 1.00 1.00 1.00 0.00 0.00 0.00 0.00 
G 479: 1.00 1.00 1.00 1.00 1.00 0.00 0.00 0.00 0.00 
G 480: 1.00 1.00 1.00 1.00 1.00 0.00 0.00 0.00 0.00 
G 481: 1.00 1.00 1.00 1.00 1.00 0.00 0.00 0.00 0.00 
G 482: 1.00 1.00 1.00 1.00 1.00 0.00 0.00 0.00 0.00 
G 483: 1.00 1.00 1.00 1.00 1.00 0.00 0.00 0.00 0.00 
G 484: 1.00 1.00 1.00 1.00 1.00 0.00 0.00 0.00 0.00 
G 485: 1.00 1.00 1.00 1.00 1.00 0.00 0.00 0.00 0.00 
G 486: 1.00 1.00 1.00 1.00 1.00 0.00 0.00 0.00 0.00 
G 487: 1.00 1.00 1.00 1.00 1.00 0.00 0.00 0.00 0.00 
G 488: 1.00 1.00 1.00 1.00 1.00 0.00 0.00 0.00 0.00 
G 489: 1.00 1.00 1.00 1.00 1.00 0.00 0.00 0.00 0.00 
G 490: 1.00 1.00 1.00 1.00 1.00 0.00 0.00 0.00 0.00 
G 491: 1.00 1.00 1.00 1.00 1.00 0.00 0.00 0.00 0.00 
G 492: 1.00 1.00 1.00 1.00 1.00 0.00 0.00 0.00 0.00 
G 493: 1.00 1.00 1.00 1.00 1.00 0.00 0.00 0.00 0.00 
G 494: 1.00 1.00 1.00 1.00 1.00 0.00 0.00 0.00 0.00 
G 495: 1.00 1.00 1.00 1.00 1.00 0.00 0.00 0.00 0.00 
G 496: 1.00 1.00 1.00 1.00 1.00 0.00 0.00 0.00 0.00 
G 497: 1.00 1.00 1.00 1.00 1.00 0.00 0.00 0.00 0.00 
G 498: 1.00 1.00 1.00 1.00 1.00 0.00 0.00 0.00 0.00 
G 499: 1.00 1.00 1.00 1.00 1.00 0.00 0.00 0.00 0.00 
G 500: 1.00 1.00 1.00 1.00 1.00 0.00 0.00 0.00 0.00 
G 501: 1.00 1.00 1.00 1.00 1.00 0.00 0.00 0.00 0.00 
G 502: 1.00 1.00 1.00 1.00 1.00 0.00 0.00 0.00 0.00 
G 503: 1.00 1.00 1.00 1.00 1.00 0.00 0.00 0.00 0.00 
G 504: 1.00 1.00 1.00 1.00 1.00 0.00 0.00 0.00 0.00 
G 505: 1.00 1.00 1.00 1.00 1.00 0.00 0.00 0.00 0.00 
G 506: 1.00 1.00 1.00 1.00 1.00 0.00 0.00 0.00 0.00 
G 507: 1.00 1.00 1.00 1.00 1.00 0.00 0.00 0.00 0.00 
G 508: 1.00 1.00 1.00 1.00 1.00 0.00 0.00 0.00 0.00 
G 509: 1.00 1.00 1.00 1.00 1.00 0.00 0.00 0.00 0.00 
G 510: 1.00 1.00 1.00 1.00 1.00 0.00 0.00 0.00 0.00 
G 511: 1.00 1.00 1.00 1.00 1.00 0.00 0.00 0.00 0.00 
G 512: 1.00 1.00 1.00 1.00 1.00 0.00 0.00 0.00 0.00 
G 513: 1.00 1.00 1.00 1.00 1.00 0.00 0.00 0.00 0.00 
G 514: 1.00 1.00 1.00 1.00 1.00 0.00 0.00 0.00 0.00 
G 515: 1.00 1.00 1.00 1.00 1.00 0.00 0.00 0.00 0.00 
G 516: 1.00 1.00 1.00 1.00 1.00 0.00 0.00 0.00 0.00 
G 517: 1.00 1.00 1.00 1.00 1.00 0.00 0.00 0.00 0.00 
G 518: 1.00 1.00 1.00 1.00 1.00 0.00 0.00 0.00 0.00 
G 519: 1.00 1.00 1.00 1.00 1.00 0.00 0.00 0.00 0.00 
G 520: 1.00 1.00 1.00 1.00 1.00 0.00 0.00 0.00 0.00 
G 521: 1.00 1.00 1.00 1.00 1.00 0.00 0.00 0.00 0.00 
G 522: 1.00 1.00 1.00 1.00 1.00 0.00 0.00 0.00 0.00 
G 523: 1.00 1.00 1.00 1.00 1.00 0.00 0.00 0.00 0.00 
G 524: 1.00 1.00 1.00 1.00 1.00 0.00 0.00 0.00 0.00 
G 525: 1.00 1.00 1.00 1.00 1.00 0.00 0.00 0.00 0.00 
G 526: 1.00 1.00 1.00 1.00 1.00 0.00 0.00 0.00 0.00 
G 527: 1.00 1.00 1.00 1.00 1.00 0.00 0.00 0.00 0.00 
G 528: 1.00 1.00 1.00 1.00 1.00 0.00 0.00 0.00 0.00 
G 529: 1.00 1.00 1.00 1.00 1.00 0.00 0.00 0.00 0.00 
G 530: 1.00 1.00 1.00 1.00 1.00 0.00 0.00 0.00 0.00 
G 531: 1.00 1.00 1.00 1.00 1.00 0.00 0.00 0.00 0.00 
G 532: 1.00 1.00 1.00 1.00 1.00 0.00 0.00 0.00 0.00 
G 533: 1.00 1.00 1.00 1.00 1.00 0.00 0.00 0.00 0.00 
G 534: 1.00 1.00 1.00 1.00 1.00 0.00 0.00 0.00 0.00 
G 535: 1.00 1.00 1.00 1.00 1.00 0.00 0.00 0.00 0.00 
G 536: 1.00 1.00 1.00 1.00 1.00 0.00 0.00 0.00 0.00 
G 537: 1.00 1.00 1.00 1.00 1.00 0.00 0.00 0.00 0.00 
G 538: 1.00 1.00 1.00 1.00 1.00 0.00 0.00 0.00 0.00 
G 539: 1.00 1.00 1.00 1.00 1.00 0.00 0.00 0.00 0.00 
G 540: 1.00 1.00 1.00 1.00 1.00 0.00 0.00 0.00 0.00 
G 541: 1.00 1.00 1.00 1.00 1.00 0.00 0.00 0.00 0.00 
G 542: 1.00 1.00 1.00 1.00 1.00 0.00 0.00 0.00 0.00 
G 543: 1.00 1.00 1.00 1.00 1.00 0.00 0.00 0.00 0.00 
G 544: 1.00 1.00 1.00 1.00 1.00 0.00 0.00 0.00 0.00 
G 545: 1.00 1.00 1.00 1.00 1.00 0.00 0.00 0.00 0.00 
G 546: 1.00 1.00 1.00 1.00 1.00 0.00 0.00 0.00 0.00 
G 547: 1.00 1.00 1.00 1.00 1.00 0.00 0.00 0.00 0.00 
G 548: 1.00 1.00 1.00 1.00 1.00 0.00 0.00 0.00 0.00 
G 549: 1.00 1.00 1.00 1.00 1.00 0.00 0.00 0.00 0.00 
G 550: 1.00 1.00 1.00 1.00 1.00 0.00 0.00 0.00 0.00 
G 551: 1.00 1.00 1.00 1.00 1.00 0.00 0.00 0.00 0.00 
G 552: 1.00 1.00 1.00 1.00 1.00 0.00 0.00 0.00 0.00 
G 553: 1.00 1.00 1.00 1.00 1.00 0.00 0.00 0.00 0.00 
G 554: 1.00 1.00 1.00 1.00 1.00 0.00 0.00 0.00 0.00 
G 555: 1.00 1.00 1.00 1.00 1.00 0.00 0.00 0.00 0.00 
G 556: 1.00 1.00 1.00 1.00 1.00 0.00 0.00 0.00 0.00 
G 557: 1.00 1.00 1.00 1.00 1.00 0.00 0.00 0.00 0.00 
G 558: 1.00 1.00 1.00 1.00 1.00 0.00 0.00 0.00 0.00 
G 559: 1.00 1.00 1.00 1.00 1.00 0.00 0.00 0.00 0.00 
G 560: 1.00 1.00 1.00 1.00 1.00 0.00 0.00 0.00 0.00 
G 561: 1.00 1.00 1.00 1.00 1.00 0.00 0.00 0.00 0.00 
G 562: 1.00 1.00 1.00 1.00 1.00 0.00 0.00 0.00 0.00 
G 563: 1.00 1.00 1.00 1.00 1.00 0.00 0.00 0.00 0.00 
G 564: 1.00 1.00 1.00 1.00 1.00 0.00 0.00 0.00 0.00 
G 565: 1.00 1.00 1.00 1.00 1.00 0.00 0.00 0.00 0.00 
G 566: 1.00 1.00 1.00 1.00 1.00 0.00 0.00 0.00 0.00 
G 567: 1.00 1.00 1.00 1.00 1.00 0.00 0.00 0.00 0.00 
G 568: 1.00 1.00 1.00 1.00 1.00 0.00 0.00 0.00 0.00 
G 569: 1.00 1.00 1.00 1.00 1.00 0.00 0.00 0.00 0.00 
G 570: 1.00 1.00 1.00 1.00 1.00 0.00 0.00 0.00 0.00 
G 571: 1.00 1.00 1.00 1.00 1.00 0.00 0.00 0.00 0.00 
G 572: 1.00 1.00 1.00 1.00 1.00 0.00 0.00 0.00 0.00 
G 573: 1.00 1.00 1.00 1.00 1.00 0.00 0.00 0.00 0.00 
G 574: 1.00 1.00 1.00 1.00 1.00 0.00 0.00 0.00 0.00 
G 575: 1.00 1.00 1.00 1.00 1.00 0.00 0.00 0.00 0.00 
G 576: 1.00 1.00 1.00 1.00 1.00 0.00 0.00 0.00 0.00 
G 577: 1.00 1.00 1.00 1.00 1.00 0.00 0.00 0.00 0.00 
G 578: 1.00 1.00 1.00 1.00 1.00 0.00 0.00 0.00 0.00 
G 579: 1.00 1.00 1.00 1.00 1.00 0.00 0.00 0.00 0.00 
G 580: 1.00 1.00 1.00 1.00 1.00 0.00 0.00 0.00 0.00 
G 581: 1.00 1.00 1.00 1.00 1.00 0.00 0.00 0.00 0.00 
G 582: 1.00 1.00 1.00 1.00 1.00 0.00 0.00 0.00 0.00 
G 583: 1.00 1.00 1.00 1.00 1.00 0.00 0.00 0.00 0.00 
G 584: 1.00 1.00 1.00 1.00 1.00 0.00 0.00 0.00 0.00 
G 585: 1.00 1.00 1.00 1.00 1.00 0.00 0.00 0.00 0.00 
G 586: 1.00 1.00 1.00 1.00 1.00 0.00 0.00 0.00 0.00 
G 587: 1.00 1.00 1.00 1.00 1.00 0.00 0.00 0.00 0.00 
G 588: 1.00 1.00 1.00 1.00 1.00 0.00 0.00 0.00 0.00 
G 589: 1.00 1.00 1.00 1.00 1.00 0.00 0.00 0.00 0.00 
G 590: 1.00 1.00 1.00 1.00 1.00 0.00 0.00 0.00 0.00 
G 591: 1.00 1.00 1.00 1.00 1.00 0.00 0.00 0.00 0.00 
G 592: 1.00 1.00 1.00 1.00 1.00 0.00 0.00 0.00 0.00 
G 593: 1.00 1.00 1.00 1.00 1.00 0.00 0.00 0.00 0.00 
G 594: 1.00 1.00 1.00 1.00 1.00 0.00 0.00 0.00 0.00 
G 595: 1.00 1.00 1.00 1.00 1.00 0.00 0.00 0.00 0.00 
G 596: 1.00 1.00 1.00 1.00 1.00 0.00 0.00 0.00 0.00 
G 597: 1.00 1.00 1.00 1.00 1.00 0.00 0.00 0.00 0.00 
G 598: 1.00 1.00 1.00 1.00 1.00 0.00 0.00 0.00 0.00 
G 599: 1.00 1.00 1.00 1.00 1.00 0.00 0.00 0.00 0.00 
