70
0 29
0 40
0 43
0 47
0 60
1 25
1 26
1 29
1 30
1 31
1 32
1 33
1 34
1 35
1 37
1 38
1 39
1 40
1 41
1 42
1 43
1 44
1 45
1 46
1 47
1 48
1 50
1 51
1 52
1 53
1 54
1 56
1 57
1 58
1 59
1 60
1 61
1 62
1 64
1 65
1 66
1 67
1 68
1 69
2 25
2 26
2 28
2 29
2 30
2 31
2 32
2 35
2 36
2 37
2 38
2 40
2 41
2 42
2 43
2 44
2 45
2 46
2 47
2 48
2 49
2 50
2 51
2 52
2 53
2 54
2 55
2 56
2 57
2 58
2 59
2 60
2 61
2 62
2 63
2 66
2 67
2 68
2 69
3 38
3 40
3 48
3 52
3 60
3 62
3 64
4 25
4 26
4 27
4 28
4 29
4 30
4 31
4 32
4 33
4 34
4 35
4 36
4 37
4 38
4 39
4 40
4 41
4 42
4 43
4 44
4 45
4 46
4 47
4 48
4 49
4 50
4 51
4 52
4 53
4 54
4 55
4 56
4 57
4 58
4 59
4 60
4 61
4 62
4 63
4 65
4 66
4 67
4 68
4 69
5 34
5 67
5 69
6 25
6 26
6 27
6 29
6 30
6 31
6 33
6 34
6 35
6 36
6 37
6 38
6 39
6 40
6 41
6 42
6 43
6 44
6 46
6 47
6 48
6 49
6 50
6 51
6 52
6 53
6 54
6 55
6 56
6 57
6 58
6 59
6 60
6 61
6 62
6 63
6 64
6 66
6 67
6 68
6 69
7 25
7 35
7 37
7 40
7 45
7 46
7 52
7 55
7 57
7 68
8 25
8 27
8 28
8 29
8 30
8 31
8 32
8 33
8 34
8 35
8 36
8 37
8 38
8 39
8 40
8 41
8 42
8 43
8 44
8 45
8 46
8 47
8 48
8 49
8 50
8 51
8 52
8 54
8 55
8 57
8 58
8 59
8 60
8 61
8 62
8 63
8 64
8 65
8 66
8 67
8 68
8 69
9 26
9 27
9 30
9 36
9 37
9 39
9 44
9 47
9 52
9 56
9 59
9 64
9 65
9 67
10 25
10 30
10 33
10 34
10 37
10 41
10 42
10 43
10 45
10 51
10 52
10 53
10 54
10 55
10 59
10 60
10 61
10 62
11 26
11 28
11 29
11 31
11 33
11 34
11 35
11 37
11 40
11 44
11 48
11 51
11 52
11 53
11 54
11 56
11 57
11 58
11 59
11 63
11 65
11 66
11 68
12 25
12 27
12 30
12 31
12 33
12 34
12 35
12 37
12 38
12 39
12 41
12 42
12 43
12 44
12 45
12 46
12 47
12 48
12 49
12 50
12 52
12 53
12 54
12 55
12 56
12 58
12 59
12 60
12 61
12 63
12 65
12 66
12 67
13 32
13 39
13 40
13 41
13 45
13 48
13 49
13 50
13 54
13 60
13 62
13 63
13 66
13 67
14 25
14 26
14 27
14 28
14 30
14 31
14 32
14 33
14 34
14 35
14 36
14 37
14 38
14 39
14 40
14 41
14 42
14 43
14 44
14 45
14 46
14 47
14 48
14 49
14 50
14 51
14 52
14 53
14 54
14 55
14 56
14 57
14 58
14 59
14 60
14 61
14 63
14 64
14 65
14 66
14 67
14 68
15 25
15 28
15 29
15 32
15 33
15 34
15 35
15 38
15 39
15 40
15 43
15 44
15 50
15 51
15 52
15 55
15 56
15 57
15 58
15 64
15 66
15 67
15 69
16 28
16 29
16 30
16 36
16 38
16 41
16 42
16 48
16 49
16 51
16 53
16 54
16 55
16 64
16 65
16 67
16 68
16 69
17 25
17 26
17 27
17 28
17 31
17 32
17 33
17 35
17 36
17 38
17 40
17 41
17 45
17 47
17 48
17 49
17 51
17 53
17 56
17 57
17 58
17 59
17 60
17 61
17 64
17 65
17 66
17 68
18 25
18 26
18 27
18 28
18 29
18 30
18 31
18 33
18 34
18 36
18 37
18 38
18 39
18 40
18 41
18 42
18 43
18 44
18 45
18 46
18 47
18 48
18 49
18 51
18 52
18 53
18 54
18 55
18 56
18 57
18 58
18 59
18 60
18 62
18 63
18 64
18 65
18 66
18 67
18 68
18 69
19 27
19 44
19 51
19 63
20 25
20 26
20 27
20 28
20 29
20 30
20 31
20 32
20 33
20 34
20 35
20 36
20 37
20 38
20 39
20 41
20 42
20 43
20 44
20 45
20 46
20 47
20 48
20 49
20 50
20 51
20 52
20 53
20 54
20 55
20 56
20 57
20 58
20 59
20 60
20 61
20 62
20 63
20 64
20 65
20 66
20 67
20 68
20 69
21 28
21 29
21 31
21 32
21 33
21 35
21 38
21 39
21 40
21 41
21 42
21 46
21 47
21 49
21 51
21 53
21 54
21 55
21 56
21 57
21 63
21 64
21 65
21 66
21 67
22 26
22 27
22 28
22 29
22 30
22 31
22 32
22 33
22 34
22 35
22 36
22 37
22 40
22 41
22 42
22 43
22 44
22 46
22 48
22 49
22 50
22 52
22 53
22 54
22 55
22 56
22 57
22 58
22 59
22 60
22 62
22 63
22 64
22 65
22 66
22 67
22 68
22 69
23 25
23 26
23 27
23 28
23 29
23 30
23 31
23 33
23 34
23 36
23 38
23 39
23 40
23 41
23 42
23 43
23 44
23 45
23 46
23 48
23 49
23 50
23 51
23 53
23 54
23 55
23 56
23 57
23 58
23 61
23 62
23 63
23 65
23 66
23 67
23 68
23 69
24 25
24 28
24 32
24 33
24 35
24 37
24 38
24 39
24 41
24 42
24 43
24 45
24 46
24 48
24 50
24 52
24 55
24 56
24 58
24 59
24 60
24 61
24 63
24 64
24 65
24 67
24 69