0 0 1816
0 1 4407
0 2 7413
0 3 9857
0 4 5271
0 5 9911
0 6 2400
0 7 6703
0 8 7278
0 9 6204
0 10 6537
0 11 8686
0 12 582
0 13 5475
0 14 3366
0 15 2869
0 16 2984
1 0 6886
1 1 6607
1 2 9853
1 3 4335
1 4 577
1 5 3172
1 6 542
1 7 814
1 8 5615
1 9 6490
1 10 3179
1 11 7495
1 12 1278
1 13 2755
1 14 5251
1 15 1669
1 16 5242
2 0 494
2 1 468
2 2 3915
2 3 8881
2 4 9531
2 5 2911
2 6 723
2 7 943
2 8 7121
2 9 5656
2 10 7162
2 11 9630
2 12 2983
2 13 4848
2 14 4912
2 15 2342
2 16 8536
3 0 157
3 1 7560
3 2 3702
3 3 3223
3 4 9374
3 5 2138
3 6 201
3 7 1914
3 8 7506
3 9 9142
3 10 9335
3 11 1437
3 12 5677
3 13 9875
3 14 6844
3 15 6558
3 16 6335
4 0 7752
4 1 7762
4 2 8960
4 3 6373
4 4 6562
4 5 9249
4 6 7874
4 7 8352
4 8 4608
4 9 3556
4 10 6949
4 11 1475
4 12 1918
4 13 7038
4 14 5104
4 15 1934
4 16 6609
5 0 4352
5 1 8569
5 2 5918
5 3 540
5 4 8888
5 5 6674
5 6 2753
5 7 7813
5 8 209
5 9 9691
5 10 5085
5 11 7400
5 12 2352
5 13 2446
5 14 3647
5 15 9290
5 16 6415
6 0 3531
6 1 6193
6 2 1917
6 3 3207
6 4 2961
6 5 3054
6 6 3043
6 7 2301
6 8 5851
6 9 986
6 10 6164
6 11 7903
6 12 8845
6 13 7551
6 14 302
6 15 6820
6 16 3529
7 0 3701
7 1 4326
7 2 5303
7 3 8185
7 4 1752
7 5 4899
7 6 4111
7 7 1425
7 8 2276
7 9 4814
7 10 4829
7 11 5623
7 12 5875
7 13 5141
7 14 5514
7 15 5613
7 16 139
8 0 9210
8 1 6891
8 2 1999
8 3 9851
8 4 4390
8 5 4682
8 6 199
8 7 6190
8 8 1170
8 9 6245
8 10 2290
8 11 5154
8 12 2391
8 13 1068
8 14 6506
8 15 6669
8 16 5025
9 0 4043
9 1 9180
9 2 1270
9 3 4438
9 4 8328
9 5 5983
9 6 6489
9 7 9600
9 8 4342
9 9 4608
9 10 2399
9 11 107
9 12 5408
9 13 9834
9 14 317
9 15 1780
9 16 9303
10 0 2869
10 1 8224
10 2 1739
10 3 9715
10 4 1124
10 5 6619
10 6 9740
10 7 5423
10 8 2696
10 9 3483
10 10 5812
10 11 2208
10 12 3080
10 13 145
10 14 1659
10 15 603
10 16 8719
11 0 3096
11 1 7853
11 2 5796
11 3 7401
11 4 4549
11 5 4726
11 6 8898
11 7 9213
11 8 415
11 9 1119
11 10 3495
11 11 2159
11 12 5518
11 13 5118
11 14 8791
11 15 220
11 16 2473
12 0 7609
12 1 3861
12 2 697
12 3 9857
12 4 6051
12 5 5993
12 6 2847
12 7 9375
12 8 491
12 9 9386
12 10 5644
12 11 7833
12 12 6078
12 13 4983
12 14 9168
12 15 3731
12 16 2509
13 0 5030
13 1 1805
13 2 5866
13 3 2407
13 4 4137
13 5 4668
13 6 8597
13 7 7151
13 8 4673
13 9 4132
13 10 477
13 11 2194
13 12 7
13 13 3362
13 14 4941
13 15 2480
13 16 5119
14 0 1346
14 1 5551
14 2 2041
14 3 4610
14 4 8700
14 5 3156
14 6 9276
14 7 6238
14 8 5124
14 9 7049
14 10 4534
14 11 7298
14 12 7649
14 13 4711
14 14 1610
14 15 6708
14 16 4600
15 0 1627
15 1 5989
15 2 2005
15 3 5216
15 4 5792
15 5 9091
15 6 5431
15 7 3007
15 8 9148
15 9 1493
15 10 2529
15 11 7964
15 12 5350
15 13 200
15 14 8844
15 15 3213
15 16 6138
16 0 4320
16 1 9762
16 2 7892
16 3 1522
16 4 5791
16 5 3324
16 6 3339
16 7 6464
16 8 8192
16 9 5690
16 10 3298
16 11 6572
16 12 8787
16 13 1641
16 14 3463
16 15 6665
16 16 2703
17 0 391
17 1 8676
17 2 3825
17 3 756
17 4 2949
17 5 3797
17 6 5798
17 7 6184
17 8 8644
17 9 5155
17 10 1765
17 11 7849
17 12 9560
17 13 9564
17 14 10000
17 15 8853
17 16 913
18 0 2405
18 1 9731
18 2 6616
18 3 2078
18 4 8557
18 5 7158
18 6 4766
18 7 1884
18 8 8934
18 9 1847
18 10 4284
18 11 8366
18 12 4747
18 13 7760
18 14 2925
18 15 7732
18 16 7596
19 0 7210
19 1 2503
19 2 4066
19 3 506
19 4 3619
19 5 2274
19 6 2482
19 7 1223
19 8 3602
19 9 9301
19 10 8377
19 11 7246
19 12 8254
19 13 326
19 14 9923
19 15 9126
19 16 3816
20 0 40
20 1 4116
20 2 2049
20 3 4904
20 4 2934
20 5 7679
20 6 9798
20 7 525
20 8 4289
20 9 1561
20 10 5772
20 11 635
20 12 3893
20 13 7585
20 14 1325
20 15 124
20 16 8014
21 0 2814
21 1 7389
21 2 1108
21 3 6368
21 4 1194
21 5 859
21 6 2953
21 7 1040
21 8 9530
21 9 3653
21 10 836
21 11 8465
21 12 710
21 13 9880
21 14 5898
21 15 5729
21 16 9039
22 0 7674
22 1 1537
22 2 7387
22 3 5914
22 4 1816
22 5 25
22 6 9460
22 7 5060
22 8 1292
22 9 9227
22 10 2881
22 11 8303
22 12 214
22 13 5945
22 14 2253
22 15 801
22 16 8209
23 0 4503
23 1 4267
23 2 2009
23 3 8647
23 4 4911
23 5 3940
23 6 8114
23 7 9715
23 8 5390
23 9 7702
23 10 8850
23 11 5093
23 12 6567
23 13 6846
23 14 5566
23 15 1970
23 16 8854
24 0 4641
24 1 3455
24 2 8510
24 3 6836
24 4 8057
24 5 3986
24 6 8963
24 7 7294
24 8 7012
24 9 3368
24 10 651
24 11 9130
24 12 2568
24 13 5048
24 14 1719
24 15 2602
24 16 1944
25 0 4162
25 1 4223
25 2 4950
25 3 329
25 4 9264
25 5 8196
25 6 9391
25 7 6684
25 8 3024
25 9 3401
25 10 2696
25 11 6062
25 12 6330
25 13 2708
25 14 9047
25 15 1273
25 16 4832
26 0 2005
26 1 3677
26 2 1364
26 3 1512
26 4 1849
26 5 6305
26 6 9577
26 7 6741
26 8 4087
26 9 7394
26 10 2653
26 11 3228
26 12 2278
26 13 6359
26 14 8232
26 15 1209
26 16 4565
27 0 9139
27 1 2286
27 2 1261
27 3 6290
27 4 5116
27 5 6940
27 6 8756
27 7 2280
27 8 7248
27 9 4130
27 10 7206
27 11 4131
27 12 6991
27 13 7325
27 14 1278
27 15 241
27 16 8898
28 0 1006
28 1 8615
28 2 8168
28 3 2802
28 4 8779
28 5 7282
28 6 1067
28 7 553
28 8 4417
28 9 5094
28 10 5206
28 11 4384
28 12 1962
28 13 1372
28 14 6401
28 15 3753
28 16 3058
29 0 989
29 1 1414
29 2 6077
29 3 8462
29 4 6167
29 5 7942
29 6 1712
29 7 562
29 8 945
29 9 2766
29 10 3611
29 11 2385
29 12 6446
29 13 2058
29 14 794
29 15 2179
29 16 1594
30 0 5329
30 1 9479
30 2 9793
30 3 3627
30 4 4279
30 5 8670
30 6 4600
30 7 1536
30 8 1249
30 9 1764
30 10 3865
30 11 4399
30 12 649
30 13 5331
30 14 5954
30 15 4063
30 16 3987
31 0 6007
31 1 5403
31 2 856
31 3 4510
31 4 5887
31 5 2110
31 6 2215
31 7 2291
31 8 4424
31 9 4100
31 10 6391
31 11 3620
31 12 4734
31 13 258
31 14 1096
31 15 8899
31 16 9344
32 0 4706
32 1 1738
32 2 4424
32 3 2228
32 4 2751
32 5 4198
32 6 2018
32 7 6527
32 8 8846
32 9 1391
32 10 7127
32 11 4491
32 12 1935
32 13 5113
32 14 9582
32 15 8333
32 16 623
33 0 1898
33 1 8250
33 2 6835
33 3 4996
33 4 4677
33 5 9059
33 6 1876
33 7 1131
33 8 1111
33 9 5917
33 10 6902
33 11 5928
33 12 6596
33 13 8797
33 14 4502
33 15 7831
33 16 4531
34 0 3746
34 1 7241
34 2 8412
34 3 710
34 4 4921
34 5 9574
34 6 1399
34 7 3046
34 8 6606
34 9 8230
34 10 1422
34 11 5873
34 12 6577
34 13 5364
34 14 2542
34 15 8935
34 16 4974
35 0 9054
35 1 2158
35 2 7587
35 3 1144
35 4 7673
35 5 5350
35 6 7255
35 7 6123
35 8 7644
35 9 8453
35 10 6382
35 11 8740
35 12 3654
35 13 5532
35 14 3287
35 15 2689
35 16 1323
36 0 6434
36 1 627
36 2 9792
36 3 2320
36 4 9872
36 5 1799
36 6 8021
36 7 8835
36 8 985
36 9 8772
36 10 442
36 11 1915
36 12 5972
36 13 9804
36 14 9144
36 15 9587
36 16 7974
37 0 5150
37 1 5859
37 2 5083
37 3 1948
37 4 4561
37 5 1998
37 6 7939
37 7 5760
37 8 7832
37 9 3144
37 10 9361
37 11 7019
37 12 6894
37 13 9493
37 14 486
37 15 9384
37 16 9195
38 0 146
38 1 907
38 2 5620
38 3 1153
38 4 720
38 5 6193
38 6 236
38 7 168
38 8 4751
38 9 6852
38 10 548
38 11 9165
38 12 8823
38 13 6244
38 14 3257
38 15 2097
38 16 2417
39 0 5692
39 1 1430
39 2 4252
39 3 8439
39 4 6425
39 5 7914
39 6 62
39 7 5765
39 8 5342
39 9 105
39 10 5383
39 11 6346
39 12 6920
39 13 7261
39 14 3318
39 15 1904
39 16 2260
40 0 6792
40 1 3069
40 2 4452
40 3 719
40 4 954
40 5 4263
40 6 1752
40 7 8045
40 8 618
40 9 7196
40 10 8386
40 11 9350
40 12 110
40 13 1242
40 14 5818
40 15 200
40 16 3183
41 0 4500
41 1 533
41 2 6705
41 3 1156
41 4 3520
41 5 4393
41 6 8013
41 7 2045
41 8 9920
41 9 1952
41 10 2729
41 11 6160
41 12 2734
41 13 5260
41 14 1437
41 15 7639
41 16 7509
42 0 1381
42 1 8539
42 2 5376
42 3 6609
42 4 9313
42 5 5858
42 6 1443
42 7 5627
42 8 1544
42 9 7731
42 10 7654
42 11 4264
42 12 7013
42 13 1220
42 14 230
42 15 1919
42 16 7186
43 0 3435
43 1 4731
43 2 5101
43 3 8762
43 4 2343
43 5 385
43 6 7045
43 7 2603
43 8 9174
43 9 2917
43 10 8261
43 11 8510
43 12 7841
43 13 5124
43 14 8879
43 15 9557
43 16 7100
44 0 2742
44 1 9150
44 2 2869
44 3 1905
44 4 7446
44 5 8073
44 6 7776
44 7 2709
44 8 4811
44 9 2520
44 10 8016
44 11 2686
44 12 9492
44 13 306
44 14 8805
44 15 4751
44 16 7713
45 0 5094
45 1 4642
45 2 7891
45 3 6963
45 4 960
45 5 6221
45 6 4175
45 7 8669
45 8 2431
45 9 6069
45 10 4870
45 11 4983
45 12 7393
45 13 627
45 14 2493
45 15 6241
45 16 9024
46 0 9983
46 1 1928
46 2 7783
46 3 6950
46 4 1661
46 5 244
46 6 4432
46 7 1973
46 8 5009
46 9 7358
46 10 2037
46 11 3661
46 12 1278
46 13 5116
46 14 6268
46 15 7172
46 16 7702
47 0 2509
47 1 8106
47 2 5870
47 3 1620
47 4 8495
47 5 3939
47 6 6867
47 7 3638
47 8 4859
47 9 2695
47 10 5521
47 11 3261
47 12 2757
47 13 6573
47 14 6978
47 15 2635
47 16 9037
48 0 1305
48 1 1053
48 2 2996
48 3 5197
48 4 6801
48 5 5841
48 6 2608
48 7 5170
48 8 2080
48 9 676
48 10 2435
48 11 6414
48 12 1466
48 13 6446
48 14 8508
48 15 8835
48 16 2439
49 0 6967
49 1 613
49 2 5535
49 3 746
49 4 9161
49 5 7733
49 6 8845
49 7 1966
49 8 3063
49 9 2853
49 10 4848
49 11 2452
49 12 3814
49 13 6327
49 14 4825
49 15 1887
49 16 3708
50 0 8379
50 1 8650
50 2 827
50 3 6797
50 4 9247
50 5 2345
50 6 1217
50 7 5866
50 8 4014
50 9 3979
50 10 625
50 11 5850
50 12 6092
50 13 3264
50 14 2245
50 15 5090
50 16 2629
51 0 3106
51 1 6468
51 2 9175
51 3 3478
51 4 6298
51 5 4759
51 6 3674
51 7 3639
51 8 7246
51 9 2745
51 10 3580
51 11 4702
51 12 7687
51 13 7875
51 14 5122
51 15 3710
51 16 429
52 0 7830
52 1 8672
52 2 8177
52 3 6414
52 4 583
52 5 2497
52 6 2025
52 7 6913
52 8 1411
52 9 1109
52 10 862
52 11 3513
52 12 9989
52 13 5928
52 14 9908
52 15 8403
52 16 5346
53 0 5656
53 1 9416
53 2 1904
53 3 6026
53 4 5301
53 5 8946
53 6 9746
53 7 9778
53 8 3830
53 9 3718
53 10 7382
53 11 7050
53 12 6748
53 13 9024
53 14 4142
53 15 5351
53 16 4404
54 0 7146
54 1 4798
54 2 1459
54 3 6261
54 4 9960
54 5 2184
54 6 1981
54 7 6465
54 8 2814
54 9 7026
54 10 9443
54 11 4828
54 12 5677
54 13 9528
54 14 7424
54 15 3155
54 16 6148
55 0 4402
55 1 2682
55 2 8657
55 3 3160
55 4 6348
55 5 6614
55 6 8840
55 7 497
55 8 3746
55 9 6830
55 10 791
55 11 4980
55 12 2438
55 13 4917
55 14 6701
55 15 5058
55 16 6443
56 0 9058
56 1 7789
56 2 2250
56 3 3973
56 4 4875
56 5 1206
56 6 5888
56 7 2891
56 8 3920
56 9 8584
56 10 5085
56 11 1778
56 12 9431
56 13 5204
56 14 2577
56 15 7680
56 16 3964
57 0 3971
57 1 5571
57 2 7241
57 3 714
57 4 4337
57 5 3554
57 6 9259
57 7 8772
57 8 798
57 9 1917
57 10 2389
57 11 4581
57 12 2861
57 13 2871
57 14 4443
57 15 3950
57 16 288
58 0 5913
58 1 3563
58 2 8329
58 3 56
58 4 4635
58 5 9974
58 6 4096
58 7 444
58 8 2257
58 9 3856
58 10 6798
58 11 4576
58 12 3513
58 13 9231
58 14 3681
58 15 4306
58 16 8664
59 0 9439
59 1 3426
59 2 4422
59 3 7389
59 4 393
59 5 7309
59 6 7142
59 7 7005
59 8 4440
59 9 1349
59 10 6082
59 11 3572
59 12 6879
59 13 9533
59 14 9792
59 15 6391
59 16 1535
60 0 5702
60 1 6982
60 2 7244
60 3 1842
60 4 5748
60 5 9825
60 6 5246
60 7 7812
60 8 1740
60 9 956
60 10 4565
60 11 4647
60 12 4016
60 13 4184
60 14 9649
60 15 1098
60 16 3297
61 0 4533
61 1 1365
61 2 351
61 3 9528
61 4 8917
61 5 7283
61 6 1258
61 7 6337
61 8 9060
61 9 1911
61 10 2490
61 11 1443
61 12 8693
61 13 8690
61 14 8374
61 15 7287
61 16 1336
62 0 274
62 1 3850
62 2 4103
62 3 6703
62 4 1671
62 5 7555
62 6 3573
62 7 4198
62 8 8651
62 9 5205
62 10 7060
62 11 8443
62 12 6426
62 13 1629
62 14 6577
62 15 8256
62 16 5761
63 0 2395
63 1 4950
63 2 7908
63 3 2704
63 4 5765
63 5 196
63 6 9583
63 7 2848
63 8 2056
63 9 5235
63 10 9536
63 11 4446
63 12 3611
63 13 9254
63 14 8922
63 15 3076
63 16 3374
64 0 8772
64 1 2217
64 2 5092
64 3 851
64 4 8221
64 5 2588
64 6 5081
64 7 9195
64 8 7107
64 9 8310
64 10 4173
64 11 3022
64 12 698
64 13 33
64 14 7921
64 15 9890
64 16 8753
65 0 7919
65 1 4073
65 2 180
65 3 4632
65 4 47
65 5 6554
65 6 9227
65 7 5677
65 8 6989
65 9 2723
65 10 5973
65 11 8560
65 12 9071
65 13 6448
65 14 8892
65 15 5380
65 16 7131
66 0 4316
66 1 4391
66 2 4133
66 3 4464
66 4 2589
66 5 3599
66 6 729
66 7 1829
66 8 5469
66 9 1853
66 10 4945
66 11 4270
66 12 7342
66 13 8936
66 14 3625
66 15 4488
66 16 8923
67 0 8242
67 1 9000
67 2 6961
67 3 2412
67 4 6086
67 5 8187
67 6 2827
67 7 313
67 8 2258
67 9 2770
67 10 9578
67 11 8460
67 12 1141
67 13 2127
67 14 2072
67 15 5937
67 16 783
68 0 3107
68 1 9815
68 2 9873
68 3 5517
68 4 3012
68 5 2835
68 6 872
68 7 6975
68 8 4993
68 9 8364
68 10 1011
68 11 2644
68 12 3188
68 13 3384
68 14 5701
68 15 7974
68 16 5639
69 0 3097
69 1 3911
69 2 4715
69 3 2666
69 4 115
69 5 6201
69 6 3327
69 7 6394
69 8 5183
69 9 280
69 10 3550
69 11 549
69 12 5097
69 13 4040
69 14 3938
69 15 607
69 16 8477