0 1
0 1
0 1
0 1
0 1
0 1
3 4 5 6 7 9 10 11 12 14
3 4 5 6 7 9 10 11 12 14
3 4 5 6 7 9 10 11 12 14
3 4 5 6 7 9 10 11 12 14
3 4 5 6 7 9 10 11 12 14
3 4 5 6 7 9 10 11 12 14
3 4 5 6 7 9 10 11 12 14
3 4 5 6 7 9 10 11 12 14
3 4 5 6 7 9 10 11 12 14
3 4 5 6 7 9 10 11 12 14
3 4 5 6 7 9 10 11 12 14
3 4 5 6 7 9 10 11 12 14
3 4 5 6 7 9 10 11 12 14
3 4 5 6 7 9 10 11 12 14
3 4 5 6 7 9 10 11 12 14
3 4 5 6 7 9 10 11 12 14
3 4 5 6 7 9 10 11 12 14
3 4 5 6 7 9 10 11 12 14
3 4 5 6 7 9 10 11 12 14
3 4 5 6 7 9 10 11 12 14
3 4 5 6 7 9 10 11 12 14
3 4 5 6 7 9 10 11 12 14
3 4 5 6 7 9 10 11 12 14
3 4 5 6 7 9 10 11 12 14
3 4 5 6 7 9 10 11 12 14
3 4 5 6 7 9 10 11 12 14
3 4 5 6 7 9 10 11 12 14
3 4 5 6 7 9 10 11 12 14
3 4 5 6 7 9 10 11 12 14
3 4 5 6 7 9 10 11 12 14
3 4 5 6 7 9 10 11 12 14
3 4 5 6 7 9 10 11 12 14
3 4 5 6 7 9 10 11 12 14
3 4 5 6 7 9 10 11 12 14
3 4 5 6 7 9 10 11 12 14
3 4 5 6 7 9 10 11 12 14
3 4 5 6 7 9 10 11 12 14
3 4 5 6 7 9 10 11 12 14
3 4 5 6 7 9 10 11 12 14
3 4 5 6 7 9 10 11 12 14
3 4 5 6 7 9 10 11 12 14
3 4 5 6 7 9 10 11 12 14
3 4 5 6 7 9 10 11 12 14
3 4 5 6 7 9 10 11 12 14
3 4 5 6 7 9 10 11 12 14
3 4 5 6 7 9 10 11 12 14
3 4 5 6 7 9 10 11 12 14
3 4 5 6 7 9 10 11 12 14
3 4 5 6 7 9 10 11 12 14
3 4 5 6 7 9 10 11 12 14
3 4 5 6 7 9 10 11 12 14
3 4 5 6 7 9 10 11 12 14
3 4 5 6 7 9 10 11 12 14
3 4 5 6 7 9 10 11 12 14
3 4 5 6 7 9 10 11 12 14
3 4 5 6 7 9 10 11 12 14
3 4 5 6 7 9 10 11 12 14
3 4 5 6 7 9 10 11 12 14
3 4 5 6 7 9 10 11 12 14
3 4 5 6 7 9 10 11 12 14
3 4 5 6 7 9 10 11 12 14
3 4 5 6 7 9 10 11 12 14
3 4 5 6 7 9 10 11 12 14
3 4 5 6 7 9 10 11 12 14