400 1 2
0 329
0 330
0 331
0 332
0 333
0 334
0 335
0 336
0 337
0 338
0 339
0 340
0 341
0 342
0 343
0 344
0 345
0 346
0 347
0 348
0 349
0 350
0 351
0 352
0 353
0 354
0 355
0 357
0 358
0 359
0 360
0 361
0 362
0 363
0 364
0 365
0 366
0 367
0 368
0 369
0 370
0 373
0 374
0 375
1 330
1 335
1 339
1 341
1 342
1 344
1 345
1 346
1 347
1 351
1 354
1 355
1 358
1 361
1 364
1 367
1 370
2 330
2 335
2 337
2 339
2 344
2 347
2 349
2 353
2 354
2 356
2 359
2 363
2 372
3 329
3 330
3 334
3 335
3 338
3 339
3 340
3 341
3 343
3 344
3 346
3 348
3 352
3 353
3 355
3 357
3 358
3 360
3 361
3 362
3 364
3 365
3 366
3 367
3 370
3 371
3 372
3 373
3 375
4 332
4 341
4 344
4 345
4 348
4 352
4 357
4 358
4 362
4 365
4 369
4 370
4 373
5 330
5 334
5 335
5 340
5 343
5 345
5 346
5 347
5 349
5 351
5 352
5 355
5 356
5 357
5 360
5 363
5 365
5 366
5 367
5 368
5 371
5 372
5 374
5 375
6 329
6 330
6 332
6 333
6 334
6 335
6 338
6 340
6 345
6 347
6 348
6 349
6 354
6 355
6 357
6 359
6 363
6 368
6 369
6 370
6 372
6 373
7 329
7 330
7 331
7 332
7 333
7 334
7 335
7 336
7 337
7 338
7 339
7 340
7 341
7 342
7 343
7 344
7 345
7 346
7 347
7 348
7 349
7 350
7 351
7 352
7 353
7 354
7 355
7 356
7 357
7 359
7 360
7 361
7 362
7 363
7 364
7 365
7 366
7 368
7 369
7 370
7 371
7 372
7 373
7 374
7 375
8 329
8 330
8 333
8 341
8 343
8 346
8 348
8 350
8 356
8 358
8 364
8 366
8 368
8 373
8 374
8 375
9 330
9 331
9 332
9 333
9 334
9 335
9 337
9 338
9 340
9 341
9 342
9 343
9 345
9 347
9 352
9 353
9 354
9 356
9 359
9 360
9 363
9 365
9 369
9 370
9 371
9 372
9 374
9 375
10 334
10 336
10 337
10 338
10 340
10 341
10 342
10 343
10 344
10 347
10 348
10 349
10 351
10 352
10 354
10 364
10 366
10 367
10 368
10 369
10 370
10 373
11 329
11 331
11 334
11 335
11 337
11 340
11 341
11 342
11 347
11 350
11 352
11 356
11 357
11 358
11 360
11 361
11 365
11 366
11 371
11 374
12 329
12 330
12 331
12 332
12 333
12 334
12 335
12 336
12 337
12 338
12 339
12 340
12 341
12 342
12 343
12 344
12 345
12 346
12 347
12 348
12 349
12 350
12 351
12 352
12 353
12 354
12 355
12 356
12 357
12 358
12 359
12 360
12 361
12 362
12 363
12 364
12 365
12 366
12 367
12 368
12 369
12 370
12 371
12 372
12 373
12 374
12 375
13 329
13 330
13 331
13 332
13 333
13 335
13 336
13 338
13 339
13 340
13 341
13 343
13 344
13 345
13 347
13 348
13 350
13 351
13 352
13 353
13 354
13 355
13 356
13 357
13 358
13 359
13 361
13 362
13 363
13 364
13 365
13 367
13 368
13 370
13 371
13 374
14 329
14 330
14 331
14 334
14 335
14 338
14 339
14 340
14 341
14 342
14 343
14 344
14 345
14 346
14 347
14 354
14 355
14 360
14 361
14 363
14 364
14 365
14 366
14 368
14 373
14 374
14 375
15 329
15 330
15 331
15 332
15 333
15 335
15 336
15 337
15 339
15 340
15 341
15 342
15 343
15 344
15 345
15 346
15 347
15 348
15 349
15 350
15 351
15 352
15 354
15 355
15 356
15 358
15 360
15 361
15 362
15 363
15 364
15 365
15 366
15 368
15 369
15 370
15 372
15 373
15 374
15 375
16 329
16 330
16 331
16 332
16 333
16 334
16 335
16 336
16 337
16 339
16 341
16 342
16 343
16 344
16 345
16 347
16 348
16 349
16 350
16 351
16 352
16 354
16 355
16 356
16 357
16 358
16 359
16 360
16 361
16 362
16 363
16 364
16 365
16 366
16 367
16 368
16 369
16 370
16 371
16 372
16 373
16 374
16 375
17 329
17 330
17 331
17 332
17 333
17 334
17 335
17 336
17 337
17 338
17 339
17 340
17 341
17 342
17 343
17 344
17 345
17 346
17 347
17 348
17 349
17 350
17 351
17 352
17 353
17 354
17 355
17 356
17 357
17 358
17 359
17 360
17 361
17 362
17 363
17 364
17 365
17 366
17 367
17 368
17 369
17 370
17 371
17 372
17 373
17 374
17 375
18 337
18 338
18 340
18 343
18 344
18 345
18 349
18 350
18 357
18 358
18 359
18 361
18 363
18 367
18 370
18 371
18 373
18 375
19 329
19 330
19 331
19 333
19 334
19 335
19 336
19 337
19 338
19 339
19 340
19 341
19 342
19 343
19 344
19 345
19 346
19 347
19 349
19 350
19 352
19 353
19 354
19 355
19 356
19 357
19 358
19 359
19 360
19 361
19 362
19 363
19 364
19 365
19 366
19 367
19 368
19 369
19 370
19 371
19 372
19 373
19 374
19 375
20 329
20 330
20 331
20 332
20 333
20 335
20 336
20 337
20 340
20 341
20 342
20 344
20 345
20 346
20 347
20 349
20 351
20 352
20 353
20 354
20 355
20 356
20 358
20 361
20 363
20 364
20 365
20 366
20 367
20 368
20 369
20 370
20 371
20 373
20 375
21 329
21 330
21 331
21 332
21 333
21 334
21 336
21 337
21 338
21 339
21 340
21 341
21 342
21 343
21 344
21 345
21 348
21 349
21 351
21 352
21 353
21 355
21 356
21 357
21 358
21 359
21 360
21 361
21 362
21 363
21 364
21 365
21 366
21 367
21 368
21 370
21 371
21 372
21 373
21 374
21 375
22 329
22 331
22 332
22 333
22 334
22 335
22 336
22 337
22 338
22 339
22 340
22 341
22 343
22 344
22 345
22 346
22 347
22 348
22 349
22 350
22 352
22 353
22 355
22 356
22 357
22 358
22 359
22 360
22 362
22 363
22 364
22 365
22 366
22 367
22 368
22 369
22 370
22 371
22 372
22 373
22 374
22 375
23 329
23 330
23 331
23 332
23 333
23 334
23 335
23 336
23 337
23 340
23 341
23 343
23 344
23 345
23 346
23 347
23 348
23 349
23 350
23 352
23 353
23 354
23 355
23 356
23 358
23 360
23 361
23 362
23 363
23 364
23 365
23 366
23 367
23 368
23 370
23 371
23 372
23 373
23 374
23 375
24 329
25 329
25 331
25 332
25 334
25 336
25 337
25 338
25 339
25 342
25 343
25 347
25 348
25 349
25 352
25 355
25 356
25 360
25 361
25 362
25 363
25 365
25 366
25 367
25 368
25 369
25 370
25 371
25 373
25 374
26 329
26 330
26 331
26 333
26 334
26 337
26 338
26 340
26 341
26 342
26 343
26 344
26 345
26 346
26 347
26 348
26 349
26 350
26 351
26 352
26 354
26 355
26 356
26 359
26 360
26 361
26 362
26 363
26 364
26 365
26 367
26 368
26 369
26 370
26 371
26 372
26 373
26 374
26 375
27 329
27 330
27 331
27 332
27 333
27 334
27 335
27 336
27 337
27 338
27 339
27 340
27 341
27 342
27 343
27 344
27 347
27 348
27 349
27 350
27 352
27 353
27 354
27 355
27 356
27 357
27 358
27 359
27 360
27 361
27 362
27 363
27 364
27 365
27 366
27 367
27 368
27 369
27 370
27 371
27 372
27 373
27 374
27 375
28 329
28 330
28 331
28 332
28 333
28 334
28 335
28 336
28 337
28 338
28 339
28 340
28 341
28 342
28 343
28 344
28 345
28 346
28 348
28 349
28 350
28 351
28 352
28 353
28 354
28 355
28 356
28 357
28 358
28 359
28 360
28 361
28 362
28 363
28 364
28 365
28 366
28 367
28 368
28 369
28 370
28 371
28 372
28 373
28 374
28 375
29 343
29 347
29 361
29 364
29 372
30 329
30 330
30 331
30 332
30 333
30 334
30 335
30 336
30 338
30 339
30 340
30 341
30 343
30 344
30 345
30 346
30 347
30 348
30 349
30 350
30 351
30 352
30 353
30 354
30 355
30 356
30 358
30 359
30 361
30 363
30 364
30 365
30 366
30 367
30 368
30 369
30 370
30 371
30 372
30 373
30 375
31 338
31 342
31 360
31 366
31 367
31 373
31 374
32 345
32 349
32 350
32 357
32 364
32 369
32 371
32 372
32 375
33 329
33 330
33 342
33 344
33 350
33 352
33 353
33 355
33 356
33 361
33 362
33 368
33 371
33 372
34 329
34 330
34 331
34 333
34 335
34 336
34 337
34 338
34 339
34 340
34 341
34 342
34 344
34 345
34 346
34 347
34 348
34 351
34 352
34 353
34 354
34 357
34 360
34 362
34 363
34 364
34 365
34 366
34 367
34 369
34 370
34 372
34 373
34 374
34 375
35 329
35 330
35 331
35 332
35 334
35 335
35 337
35 338
35 339
35 340
35 341
35 342
35 343
35 344
35 345
35 346
35 347
35 349
35 350
35 352
35 353
35 354
35 355
35 356
35 357
35 360
35 361
35 363
35 364
35 365
35 366
35 368
35 369
35 371
35 372
35 373
35 374
35 375
36 330
36 333
36 334
36 335
36 336
36 337
36 338
36 339
36 341
36 342
36 346
36 352
36 353
36 354
36 355
36 358
36 359
36 361
36 362
36 364
36 371
36 372
36 375
37 332
37 334
37 343
37 350
37 357
37 358
37 359
37 365
37 366
37 370
37 375
38 344
38 362
38 375
39 346
39 349
39 352
39 356
39 361
39 370
40 332
40 333
40 334
40 335
40 336
40 337
40 338
40 339
40 343
40 344
40 345
40 346
40 347
40 348
40 349
40 350
40 351
40 352
40 353
40 357
40 359
40 360
40 361
40 362
40 363
40 364
40 365
40 367
40 370
40 372
40 374
41 329
41 330
41 333
41 334
41 335
41 336
41 337
41 338
41 339
41 340
41 341
41 342
41 343
41 344
41 345
41 349
41 350
41 351
41 352
41 353
41 356
41 358
41 359
41 360
41 361
41 362
41 364
41 366
41 368
41 369
41 371
41 372
41 373
41 374
41 375
42 333
42 334
42 338
42 345
42 350
42 351
42 355
42 359
42 363
42 366
42 372
42 373
42 374
43 333
43 334
43 348
43 368
44 329
44 330
44 332
44 334
44 335
44 336
44 338
44 339
44 340
44 341
44 342
44 343
44 345
44 347
44 348
44 350
44 351
44 353
44 354
44 355
44 356
44 357
44 360
44 363
44 365
44 366
44 368
44 372
44 373
44 375
45 330
45 332
45 333
45 334
45 337
45 340
45 341
45 342
45 349
45 351
45 363
45 364
45 368
45 371
45 373
45 375
46 331
46 337
46 339
46 340
46 343
46 347
46 363
46 370
46 371
46 373
47 329
47 332
47 340
47 341
47 342
47 347
47 349
47 355
47 360
47 361
47 362
47 363
47 364
47 366
47 368
47 370
47 371
47 372
47 375
48 331
48 332
48 333
48 334
48 349
48 350
48 351
48 356
48 357
48 359
48 364
48 365
48 369
48 372
49 355
49 363
50 329
50 330
50 331
50 334
50 335
50 336
50 337
50 338
50 339
50 340
50 341
50 342
50 343
50 345
50 346
50 352
50 353
50 354
50 355
50 356
50 357
50 358
50 360
50 361
50 362
50 363
50 364
50 367
50 368
50 369
50 370
50 371
50 373
50 374
50 375
51 330
51 339
51 341
51 343
51 344
51 345
51 348
51 350
51 351
51 354
51 355
51 369
51 371
52 330
52 331
52 332
52 333
52 334
52 335
52 336
52 337
52 338
52 339
52 340
52 341
52 342
52 343
52 345
52 346
52 347
52 348
52 349
52 350
52 351
52 352
52 353
52 354
52 355
52 356
52 357
52 358
52 361
52 363
52 364
52 365
52 366
52 367
52 368
52 369
52 370
52 371
52 372
52 373
52 374
52 375
53 345
54 334
54 335
54 340
54 344
54 347
54 348
54 362
54 365
54 370
54 371
54 375
55 329
55 330
55 331
55 332
55 333
55 335
55 336
55 337
55 338
55 340
55 341
55 343
55 344
55 345
55 346
55 347
55 348
55 350
55 352
55 353
55 354
55 355
55 357
55 359
55 361
55 362
55 363
55 364
55 365
55 366
55 367
55 368
55 369
55 371
55 372
55 373
55 374
55 375
56 329
56 332
56 333
56 334
56 335
56 342
56 344
56 348
56 349
56 362
57 329
57 330
57 331
57 332
57 333
57 339
57 342
57 348
57 351
57 352
57 353
57 354
57 359
57 361
57 363
57 366
57 367
57 368
57 369
57 371
57 372
57 374
57 375
58 334
58 337
58 338
58 343
58 346
58 352
58 359
58 362
58 363
58 366
58 367
58 369
58 371
58 373
58 375
59 329
59 330
59 331
59 335
59 336
59 338
59 339
59 340
59 341
59 343
59 344
59 345
59 346
59 347
59 348
59 350
59 351
59 353
59 354
59 355
59 356
59 357
59 358
59 360
59 361
59 362
59 364
59 365
59 366
59 367
59 368
59 369
59 370
59 372
59 374
59 375
60 329
60 330
60 332
60 333
60 334
60 335
60 336
60 337
60 338
60 339
60 340
60 341
60 342
60 343
60 346
60 347
60 348
60 349
60 350
60 351
60 352
60 353
60 355
60 358
60 359
60 360
60 361
60 362
60 364
60 365
60 366
60 367
60 368
60 369
60 370
60 371
60 372
60 373
61 330
61 336
61 345
61 350
61 358
61 360
61 369
62 329
62 330
62 331
62 332
62 333
62 334
62 335
62 336
62 337
62 338
62 339
62 340
62 341
62 342
62 343
62 344
62 345
62 346
62 347
62 348
62 349
62 350
62 351
62 352
62 353
62 354
62 355
62 356
62 357
62 359
62 360
62 361
62 362
62 364
62 365
62 366
62 367
62 369
62 370
62 371
62 373
62 374
62 375
63 329
63 331
63 332
63 333
63 334
63 335
63 336
63 337
63 338
63 340
63 341
63 342
63 343
63 344
63 345
63 346
63 347
63 348
63 349
63 350
63 351
63 353
63 354
63 357
63 358
63 359
63 362
63 363
63 364
63 365
63 366
63 367
63 368
63 369
63 370
63 371
63 372
63 373
63 374
63 375
64 329
64 331
64 333
64 334
64 335
64 336
64 341
64 342
64 346
64 347
64 349
64 351
64 353
64 354
64 356
64 357
64 358
64 359
64 360
64 361
64 362
64 364
64 365
64 366
64 371
64 372
64 375
65 333
65 338
65 346
65 350
65 359
65 360
65 362
65 373
66 329
66 330
66 331
66 332
66 333
66 334
66 335
66 336
66 337
66 338
66 339
66 341
66 342
66 343
66 344
66 345
66 346
66 348
66 350
66 351
66 352
66 353
66 354
66 355
66 356
66 357
66 358
66 359
66 361
66 362
66 363
66 364
66 365
66 367
66 368
66 369
66 370
66 372
66 373
66 374
66 375
67 329
67 331
67 332
67 333
67 334
67 335
67 336
67 339
67 340
67 341
67 342
67 343
67 344
67 346
67 347
67 349
67 350
67 352
67 353
67 355
67 356
67 357
67 358
67 359
67 363
67 364
67 365
67 368
67 369
67 371
67 373
67 374
67 375
68 330
68 332
68 333
68 334
68 335
68 336
68 339
68 345
68 346
68 347
68 348
68 349
68 354
68 358
68 361
68 362
68 363
68 364
68 366
68 368
68 370
68 372
68 373
68 374
68 375
69 341
69 357
69 359
69 361
70 332
70 333
70 334
70 335
70 336
70 338
70 339
70 340
70 342
70 343
70 344
70 345
70 346
70 347
70 348
70 349
70 350
70 351
70 355
70 356
70 361
70 362
70 365
70 366
70 367
70 368
70 369
70 370
70 372
70 373
71 330
71 331
71 334
71 336
71 337
71 338
71 341
71 349
71 350
71 351
71 358
71 359
71 360
71 365
71 366
71 368
71 373
72 338
72 340
72 345
72 352
72 356
72 357
72 358
72 359
72 364
72 369
73 329
73 330
73 331
73 332
73 335
73 336
73 337
73 338
73 339
73 340
73 341
73 343
73 344
73 345
73 346
73 347
73 349
73 351
73 353
73 354
73 355
73 356
73 357
73 358
73 360
73 363
73 364
73 366
73 369
73 371
73 373
73 374
74 329
74 330
74 332
74 334
74 335
74 336
74 337
74 338
74 339
74 340
74 341
74 343
74 349
74 350
74 352
74 353
74 356
74 360
74 361
74 363
74 365
74 367
74 368
74 369
75 329
75 330
75 331
75 332
75 333
75 334
75 335
75 336
75 337
75 338
75 339
75 340
75 341
75 342
75 343
75 344
75 345
75 346
75 347
75 348
75 349
75 350
75 351
75 352
75 353
75 354
75 355
75 356
75 357
75 358
75 359
75 360
75 361
75 362
75 363
75 364
75 365
75 366
75 367
75 368
75 369
75 370
75 371
75 372
75 373
75 374
75 375
76 329
76 330
76 331
76 332
76 333
76 335
76 336
76 337
76 339
76 340
76 341
76 342
76 344
76 345
76 346
76 347
76 348
76 351
76 352
76 354
76 355
76 356
76 358
76 360
76 361
76 362
76 364
76 365
76 366
76 367
76 368
76 369
76 371
76 372
76 373
76 375
77 330
77 331
77 333
77 334
77 337
77 340
77 342
77 343
77 344
77 346
77 348
77 349
77 351
77 353
77 358
77 359
77 360
77 361
77 363
77 365
77 367
77 369
77 370
77 371
77 372
77 373
77 374
77 375
78 331
78 332
78 333
78 334
78 335
78 337
78 338
78 339
78 341
78 342
78 343
78 344
78 345
78 346
78 347
78 348
78 349
78 351
78 352
78 355
78 356
78 357
78 358
78 360
78 361
78 363
78 365
78 367
78 368
78 369
78 370
78 372
78 373
78 374
79 340
79 367
79 372
79 374
80 338
80 341
80 342
80 346
80 348
80 351
80 359
80 360
80 362
80 366
80 369
80 370
81 330
81 338
81 339
81 340
81 342
81 347
81 360
81 375
82 332
83 329
83 330
83 334
83 339
83 343
83 345
83 350
83 351
83 352
83 353
83 354
83 356
83 359
83 360
83 361
83 363
83 364
83 366
83 368
83 372
83 375
84 329
84 330
84 332
84 335
84 338
84 339
84 341
84 344
84 345
84 347
84 348
84 349
84 350
84 351
84 352
84 357
84 358
84 360
84 361
84 362
84 364
84 365
84 366
84 367
84 370
84 373
84 374
84 375
85 332
85 333
85 335
85 336
85 337
85 339
85 341
85 347
85 348
85 349
85 350
85 353
85 355
85 356
85 359
85 360
85 361
85 362
85 367
85 371
85 372
85 373
85 375
86 331
86 337
86 339
86 345
86 350
86 361
86 364
86 365
86 366
86 372
86 374
87 329
87 331
87 333
87 334
87 335
87 337
87 338
87 339
87 340
87 343
87 344
87 347
87 348
87 349
87 350
87 352
87 353
87 355
87 357
87 360
87 362
87 367
87 371
87 372
87 373
87 374
88 329
88 330
88 331
88 334
88 339
88 340
88 342
88 346
88 353
88 356
88 359
88 361
88 363
88 367
89 329
89 330
89 331
89 332
89 333
89 334
89 335
89 337
89 338
89 339
89 340
89 341
89 342
89 343
89 344
89 345
89 346
89 347
89 348
89 349
89 351
89 352
89 353
89 354
89 356
89 357
89 360
89 362
89 363
89 364
89 365
89 368
89 369
89 370
89 371
89 372
89 374
89 375
90 339
90 352
90 357
91 329
91 331
91 332
91 333
91 334
91 335
91 336
91 337
91 338
91 339
91 340
91 341
91 342
91 343
91 345
91 346
91 347
91 348
91 349
91 350
91 351
91 352
91 353
91 354
91 355
91 356
91 357
91 358
91 359
91 360
91 361
91 362
91 363
91 364
91 365
91 366
91 367
91 368
91 369
91 371
91 373
91 375
92 333
92 339
92 342
92 343
92 349
92 352
92 355
92 358
92 367
92 369
92 370
92 372
93 334
93 336
93 340
93 342
93 347
93 350
93 352
93 354
93 356
93 357
93 359
93 361
93 364
93 366
93 372
93 374
94 332
94 333
94 336
94 338
94 345
94 351
94 355
94 360
94 361
94 366
94 367
94 370
95 329
95 330
95 331
95 332
95 333
95 334
95 335
95 336
95 337
95 339
95 340
95 341
95 342
95 344
95 345
95 348
95 350
95 351
95 353
95 355
95 356
95 357
95 358
95 361
95 362
95 363
95 365
95 366
95 367
95 369
95 370
95 372
95 373
96 331
96 337
96 340
96 341
96 343
96 344
96 346
96 348
96 349
96 350
96 352
96 353
96 356
96 357
96 360
96 361
96 362
96 367
96 368
96 369
96 370
96 373
96 374
97 329
97 332
97 333
97 336
97 337
97 339
97 344
97 346
97 347
97 352
97 353
97 354
97 355
97 356
97 361
97 363
97 364
97 365
97 367
97 370
97 372
97 374
97 375
98 330
98 331
98 333
98 335
98 337
98 339
98 344
98 345
98 348
98 354
98 362
98 364
98 366
98 368
98 371
98 373
98 375
99 329
99 330
99 331
99 332
99 333
99 334
99 335
99 336
99 337
99 338
99 339
99 340
99 341
99 342
99 343
99 344
99 345
99 346
99 347
99 348
99 349
99 350
99 351
99 352
99 353
99 354
99 355
99 356
99 357
99 358
99 359
99 360
99 361
99 362
99 363
99 364
99 365
99 366
99 367
99 368
99 369
99 371
99 372
99 373
99 374
99 375
100 329
100 330
100 331
100 332
100 333
100 335
100 336
100 337
100 342
100 343
100 344
100 345
100 348
100 349
100 351
100 353
100 355
100 356
100 359
100 360
100 365
100 366
100 368
100 369
100 371
100 375
101 329
101 330
101 332
101 334
101 335
101 336
101 339
101 340
101 341
101 342
101 343
101 344
101 347
101 348
101 349
101 350
101 351
101 352
101 353
101 354
101 358
101 361
101 362
101 364
101 365
101 368
101 369
101 370
101 371
101 373
102 330
102 331
102 332
102 333
102 334
102 335
102 336
102 337
102 338
102 339
102 342
102 343
102 344
102 346
102 347
102 348
102 349
102 350
102 351
102 352
102 354
102 355
102 356
102 357
102 358
102 359
102 360
102 361
102 362
102 363
102 365
102 366
102 367
102 368
102 369
102 370
102 372
102 373
102 374
103 335
103 336
103 343
103 347
103 348
103 359
103 368
103 374
104 337
104 348
104 366
105 329
105 341
105 345
105 346
105 354
105 358
105 359
105 362
105 363
105 365
105 372
106 329
106 330
106 331
106 332
106 333
106 334
106 335
106 336
106 337
106 338
106 339
106 341
106 342
106 343
106 344
106 345
106 346
106 347
106 348
106 349
106 350
106 351
106 352
106 353
106 355
106 356
106 357
106 358
106 359
106 360
106 361
106 362
106 363
106 364
106 365
106 366
106 367
106 368
106 369
106 370
106 371
106 373
106 375
107 332
107 337
107 347
107 356
107 367
107 370
108 329
108 330
108 331
108 332
108 333
108 334
108 337
108 340
108 341
108 342
108 343
108 344
108 345
108 346
108 347
108 348
108 349
108 350
108 351
108 352
108 353
108 354
108 355
108 356
108 357
108 358
108 359
108 360
108 361
108 362
108 363
108 365
108 367
108 368
108 369
108 371
108 372
108 373
108 374
108 375
109 329
109 330
109 331
109 332
109 333
109 334
109 335
109 337
109 338
109 339
109 340
109 341
109 342
109 343
109 344
109 345
109 346
109 347
109 348
109 349
109 350
109 351
109 352
109 353
109 354
109 355
109 356
109 357
109 358
109 359
109 360
109 361
109 362
109 363
109 364
109 365
109 366
109 367
109 368
109 369
109 370
109 371
109 372
109 373
109 374
109 375
110 332
110 333
110 335
110 336
110 340
110 343
110 345
110 352
110 358
110 362
110 364
110 366
110 368
110 373
110 374
111 330
111 334
111 342
111 343
111 344
111 345
111 347
111 348
111 350
111 351
111 353
111 354
111 358
111 361
111 362
111 363
111 365
111 367
111 368
111 370
111 373
111 375
112 332
112 334
112 341
112 342
112 343
112 345
112 347
112 349
112 350
112 351
112 353
112 354
112 358
112 359
112 361
112 366
112 367
112 371
112 374
112 375
113 330
113 331
113 332
113 333
113 334
113 336
113 337
113 338
113 339
113 340
113 341
113 342
113 343
113 344
113 345
113 346
113 348
113 349
113 350
113 351
113 353
113 354
113 355
113 356
113 357
113 358
113 359
113 360
113 361
113 362
113 363
113 364
113 365
113 367
113 368
113 369
113 370
113 371
113 372
113 373
113 374
113 375
114 329
114 331
114 333
114 335
114 336
114 338
114 339
114 340
114 341
114 343
114 344
114 345
114 346
114 348
114 350
114 351
114 352
114 353
114 355
114 356
114 357
114 358
114 359
114 360
114 364
114 365
114 366
114 373
114 375
115 329
115 332
115 333
115 334
115 336
115 338
115 339
115 340
115 341
115 342
115 344
115 345
115 347
115 348
115 349
115 350
115 351
115 352
115 353
115 354
115 356
115 357
115 359
115 360
115 361
115 362
115 363
115 364
115 365
115 366
115 367
115 369
115 371
115 372
115 373
116 355
117 329
117 330
117 332
117 333
117 336
117 337
117 338
117 340
117 343
117 344
117 345
117 346
117 347
117 348
117 349
117 351
117 352
117 353
117 354
117 356
117 358
117 359
117 360
117 362
117 363
117 364
117 366
117 368
117 370
117 371
117 372
117 374
117 375
118 341
118 342
118 346
118 347
118 353
118 357
118 358
118 360
119 329
119 334
119 335
119 336
119 337
119 339
119 343
119 345
119 346
119 347
119 349
119 350
119 351
119 353
119 354
119 355
119 356
119 359
119 365
119 367
119 369
119 370
119 372
119 373
119 375
120 329
120 331
120 332
120 333
120 334
120 335
120 336
120 337
120 338
120 339
120 340
120 342
120 343
120 344
120 345
120 346
120 348
120 349
120 351
120 353
120 355
120 358
120 359
120 360
120 362
120 363
120 364
120 365
120 366
120 368
120 370
120 371
120 372
120 373
120 374
120 375
121 331
121 334
121 335
121 339
121 340
121 347
121 348
121 351
121 355
121 359
121 360
121 361
121 362
121 363
121 366
121 367
121 368
121 369
121 370
121 371
121 374
122 333
122 335
122 338
122 339
122 345
122 349
122 350
122 351
122 354
122 357
122 360
122 364
122 365
122 366
122 367
122 368
122 369
122 374
123 329
123 330
123 331
123 332
123 333
123 334
123 335
123 336
123 337
123 338
123 342
123 343
123 344
123 345
123 347
123 348
123 349
123 350
123 351
123 352
123 353
123 354
123 355
123 356
123 357
123 358
123 359
123 360
123 361
123 362
123 363
123 364
123 365
123 366
123 367
123 368
123 369
123 370
123 371
123 372
123 374
123 375
124 332
124 348
124 353
124 354
124 358
125 331
125 339
125 343
125 347
125 350
125 351
125 355
125 359
125 362
125 363
125 367
125 369
125 372
126 329
126 331
126 334
126 335
126 337
126 345
126 346
126 360
126 369
127 330
127 332
127 333
127 334
127 336
127 338
127 339
127 341
127 342
127 343
127 344
127 345
127 346
127 349
127 350
127 351
127 352
127 353
127 355
127 357
127 359
127 361
127 363
127 364
127 365
127 369
127 370
127 371
127 372
127 373
127 375
128 334
128 337
128 350
128 351
128 359
128 362
128 365
128 371
128 373
129 378
129 380
129 381
129 382
129 394
129 399
130 377
130 380
130 381
130 383
130 387
130 396
131 377
131 378
131 389
131 391
131 396
132 379
132 382
132 398
133 376
133 377
133 379
133 382
133 386
133 388
133 389
133 390
133 392
133 395
133 398
133 399
134 377
134 378
134 379
134 380
134 381
134 382
134 383
134 384
134 385
134 386
134 387
134 389
134 390
134 392
134 393
134 394
134 395
134 396
134 397
134 398
134 399
135 376
135 378
135 379
135 380
135 381
135 382
135 383
135 384
135 385
135 386
135 387
135 388
135 389
135 390
135 391
135 392
135 393
135 394
135 395
135 396
135 397
135 398
135 399
136 376
136 377
136 378
136 379
136 380
136 381
136 382
136 383
136 384
136 385
136 387
136 388
136 389
136 390
136 391
136 392
136 393
136 394
136 395
136 397
136 398
136 399
137 381
137 383
137 386
137 387
137 392
137 393
137 396
138 376
138 383
138 394
139 376
139 377
139 378
139 379
139 380
139 381
139 382
139 383
139 384
139 385
139 386
139 387
139 388
139 389
139 390
139 391
139 392
139 393
139 394
139 396
139 398
139 399
140 378
140 379
140 380
140 381
140 382
140 384
140 386
140 388
140 389
140 390
140 392
140 393
140 394
140 395
140 396
140 397
140 398
141 376
141 377
141 378
141 379
141 380
141 381
141 382
141 385
141 386
141 387
141 388
141 389
141 390
141 392
141 393
141 394
141 396
141 398
141 399
142 376
142 381
142 382
142 383
142 385
142 387
142 388
142 390
142 391
142 392
142 393
142 395
142 396
142 397
142 398
142 399
143 376
143 377
143 378
143 379
143 380
143 382
143 383
143 384
143 385
143 386
143 387
143 388
143 389
143 390
143 392
143 393
143 394
143 395
143 396
143 397
143 398
143 399
144 376
144 377
144 378
144 379
144 380
144 381
144 382
144 383
144 384
144 385
144 386
144 387
144 388
144 389
144 390
144 391
144 392
144 393
144 395
144 396
144 397
144 398
144 399
145 376
145 377
145 378
145 379
145 380
145 381
145 382
145 383
145 384
145 385
145 386
145 387
145 388
145 389
145 390
145 391
145 392
145 393
145 394
145 395
145 398
145 399
146 380
146 381
146 382
146 384
146 385
146 387
146 388
146 389
146 390
146 391
146 392
146 393
146 394
146 395
146 397
146 399
147 380
147 381
147 384
147 393
147 394
147 397
147 399
148 378
148 384
148 391
148 396
149 376
149 377
149 378
149 379
149 380
149 381
149 382
149 384
149 385
149 387
149 390
149 391
149 393
149 394
149 395
149 396
149 397
149 398
149 399
150 376
150 378
150 379
150 380
150 381
150 382
150 385
150 386
150 388
150 390
150 391
150 392
150 393
150 394
150 395
150 397
150 398
150 399
151 376
151 377
151 378
151 379
151 380
151 381
151 382
151 383
151 384
151 385
151 386
151 387
151 388
151 389
151 390
151 391
151 392
151 394
151 395
151 396
151 397
151 398
151 399
152 376
152 377
152 378
152 380
152 382
152 384
152 385
152 386
152 387
152 388
152 389
152 391
152 395
152 396
152 398
153 376
153 377
153 378
153 379
153 380
153 381
153 382
153 383
153 384
153 385
153 386
153 387
153 388
153 389
153 390
153 391
153 392
153 393
153 394
153 395
153 396
153 397
153 398
153 399
154 377
154 378
154 379
154 380
154 381
154 382
154 383
154 385
154 386
154 387
154 389
154 390
154 394
154 395
154 396
154 397
154 398
154 399
155 377
155 390
155 391
155 395
155 398
156 376
156 377
156 379
156 380
156 384
156 385
156 387
156 388
156 389
156 390
156 391
156 398
156 399
157 376
157 378
157 379
157 381
157 382
157 383
157 386
157 387
157 388
157 389
157 390
157 392
157 393
157 398
157 399
158 376
158 377
158 378
158 379
158 381
158 382
158 383
158 390
158 391
158 392
158 396
159 385
160 377
160 378
160 379
160 380
160 382
160 383
160 384
160 385
160 386
160 387
160 388
160 389
160 390
160 391
160 392
160 393
160 394
160 395
160 396
160 397
160 398
160 399
161 376
161 377
161 378
161 379
161 380
161 381
161 382
161 383
161 384
161 385
161 386
161 387
161 388
161 389
161 390
161 391
161 392
161 393
161 394
161 395
161 396
161 397
161 398
161 399
162 376
162 379
162 380
162 381
162 382
162 383
162 384
162 385
162 388
162 391
162 393
162 394
162 395
162 396
162 397
162 398
162 399
163 376
163 377
163 378
163 379
163 380
163 381
163 382
163 383
163 384
163 385
163 386
163 387
163 388
163 389
163 390
163 391
163 392
163 393
163 395
163 396
163 397
163 398
163 399
164 376
164 378
164 381
164 384
164 386
164 387
164 388
164 389
164 390
164 392
164 397
164 399
165 385
165 386
165 389
165 391
165 398
166 380
166 381
166 386
166 395
166 399
167 377
167 378
167 380
167 381
167 383
167 384
167 385
167 386
167 387
167 388
167 389
167 390
167 391
167 393
167 394
167 396
167 397
167 398
168 391
169 388
169 396
170 376
170 377
170 378
170 379
170 380
170 381
170 382
170 384
170 385
170 388
170 389
170 390
170 391
170 392
170 394
170 395
170 396
170 397
170 398
170 399
171 376
171 381
171 382
171 383
171 386
171 387
171 388
171 389
171 390
171 392
171 395
171 397
172 379
172 380
172 384
172 391
172 393
172 399
173 376
173 377
173 378
173 379
173 380
173 381
173 382
173 383
173 384
173 385
173 386
173 387
173 388
173 389
173 390
173 391
173 392
173 393
173 394
173 395
173 396
173 397
174 376
174 377
174 379
174 381
174 382
174 383
174 384
174 385
174 386
174 387
174 388
174 389
174 390
174 391
174 392
174 393
174 394
174 395
174 396
174 397
174 398
174 399
175 378
175 382
175 388
175 390
175 392
175 394