120
0 37
0 41
0 45
0 46
0 47
0 49
0 50
0 51
0 54
0 59
0 61
0 63
0 64
0 65
0 66
0 67
0 69
0 70
0 71
0 72
0 75
0 76
0 78
0 80
0 82
0 83
0 84
0 86
0 89
0 91
0 92
0 95
0 96
0 98
0 99
0 102
0 103
0 104
0 107
0 108
0 112
0 113
0 114
1 37
1 38
1 45
1 47
1 52
1 53
1 56
1 63
1 69
1 73
1 75
1 76
1 80
1 87
1 89
1 100
1 102
1 106
1 110
1 115
1 117
1 118
2 41
2 101
3 37
3 38
3 39
3 40
3 41
3 42
3 43
3 44
3 45
3 46
3 47
3 48
3 49
3 50
3 51
3 52
3 53
3 54
3 55
3 56
3 57
3 59
3 60
3 61
3 62
3 63
3 64
3 65
3 66
3 67
3 68
3 69
3 70
3 71
3 72
3 73
3 74
3 75
3 76
3 77
3 78
3 79
3 80
3 81
3 82
3 83
3 84
3 85
3 86
3 87
3 88
3 90
3 91
3 92
3 93
3 95
3 96
3 97
3 98
3 100
3 101
3 102
3 103
3 104
3 105
3 107
3 108
3 109
3 110
3 112
3 113
3 114
3 115
3 116
3 117
3 118
3 119
4 37
4 40
4 41
4 47
4 48
4 49
4 53
4 55
4 58
4 60
4 67
4 70
4 72
4 75
4 77
4 79
4 83
4 85
4 86
4 88
4 89
4 91
4 94
4 95
4 100
4 102
4 106
4 107
4 108
4 110
4 112
4 113
4 114
4 119
5 53
5 79
5 89
6 38
6 40
6 43
6 46
6 47
6 50
6 54
6 56
6 57
6 58
6 59
6 60
6 63
6 66
6 73
6 79
6 80
6 81
6 85
6 86
6 87
6 91
6 93
6 95
6 97
6 100
6 104
6 106
6 107
6 109
6 110
6 117
7 37
7 38
7 39
7 40
7 41
7 42
7 43
7 45
7 46
7 47
7 48
7 50
7 51
7 52
7 53
7 55
7 57
7 59
7 60
7 61
7 62
7 63
7 64
7 66
7 67
7 68
7 69
7 70
7 71
7 72
7 73
7 75
7 76
7 77
7 78
7 79
7 80
7 81
7 82
7 83
7 84
7 85
7 87
7 88
7 89
7 90
7 91
7 92
7 93
7 94
7 95
7 96
7 97
7 99
7 100
7 101
7 102
7 103
7 104
7 105
7 106
7 107
7 109
7 110
7 111
7 112
7 114
7 115
7 116
7 117
7 118
7 119
8 41
8 42
8 52
8 53
8 59
8 60
8 66
8 67
8 70
8 72
8 73
8 74
8 79
8 82
8 85
8 86
8 93
8 97
8 101
8 103
8 112
8 116
8 117
9 38
9 40
9 41
9 44
9 45
9 47
9 49
9 55
9 56
9 60
9 62
9 67
9 68
9 70
9 73
9 74
9 75
9 76
9 79
9 82
9 83
9 84
9 88
9 89
9 90
9 93
9 95
9 96
9 98
9 104
9 109
9 111
9 114
9 115
9 116
9 119
10 37
10 38
10 41
10 42
10 44
10 45
10 46
10 51
10 53
10 59
10 61
10 66
10 67
10 68
10 69
10 70
10 71
10 75
10 78
10 79
10 81
10 82
10 83
10 84
10 85
10 86
10 87
10 91
10 93
10 96
10 97
10 101
10 102
10 103
10 104
10 106
10 107
10 108
10 110
10 111
10 112
10 114
10 119
11 37
11 38
11 39
11 40
11 41
11 45
11 46
11 49
11 53
11 54
11 55
11 58
11 59
11 60
11 61
11 63
11 64
11 66
11 67
11 69
11 70
11 72
11 75
11 77
11 78
11 82
11 83
11 85
11 87
11 88
11 92
11 94
11 95
11 100
11 101
11 108
11 109
11 112
11 115
11 116
11 117
11 118
11 119
12 37
12 38
12 39
12 40
12 41
12 42
12 43
12 44
12 45
12 46
12 47
12 48
12 50
12 51
12 52
12 53
12 54
12 55
12 56
12 57
12 58
12 59
12 61
12 62
12 63
12 64
12 65
12 66
12 67
12 68
12 69
12 70
12 74
12 75
12 79
12 80
12 81
12 82
12 83
12 84
12 85
12 86
12 87
12 88
12 90
12 91
12 92
12 94
12 96
12 97
12 98
12 99
12 100
12 101
12 102
12 104
12 105
12 106
12 107
12 108
12 109
12 110
12 111
12 112
12 113
12 114
12 115
12 116
12 118
12 119
13 37
13 40
13 42
13 44
13 45
13 46
13 49
13 51
13 52
13 53
13 55
13 58
13 60
13 61
13 65
13 66
13 69
13 70
13 71
13 72
13 74
13 79
13 82
13 83
13 84
13 85
13 87
13 90
13 91
13 93
13 95
13 97
13 99
13 100
13 101
13 102
13 103
13 104
13 106
13 108
13 110
13 111
13 112
13 114
13 115
13 117
13 118
13 119
14 37
14 38
14 39
14 40
14 43
14 44
14 46
14 49
14 50
14 51
14 52
14 53
14 54
14 55
14 59
14 62
14 63
14 64
14 70
14 71
14 72
14 73
14 75
14 76
14 77
14 80
14 81
14 87
14 88
14 90
14 91
14 92
14 93
14 94
14 95
14 97
14 98
14 99
14 101
14 102
14 103
14 104
14 106
14 107
14 108
14 109
14 110
14 111
14 116
14 118
14 119
15 37
15 39
15 41
15 46
15 47
15 49
15 51
15 52
15 55
15 56
15 58
15 59
15 61
15 63
15 65
15 66
15 69
15 70
15 72
15 74
15 76
15 78
15 79
15 80
15 83
15 86
15 87
15 88
15 89
15 92
15 93
15 95
15 97
15 100
15 102
15 105
15 107
15 108
15 109
15 110
15 114
15 115
15 118
15 119
16 37
16 38
16 39
16 40
16 42
16 44
16 45
16 46
16 48
16 49
16 50
16 51
16 52
16 54
16 56
16 57
16 58
16 60
16 61
16 64
16 65
16 67
16 69
16 70
16 71
16 72
16 75
16 77
16 78
16 79
16 82
16 84
16 85
16 86
16 87
16 88
16 93
16 96
16 97
16 99
16 101
16 103
16 104
16 107
16 109
16 110
16 111
16 113
16 114
16 115
16 119
17 37
17 41
17 43
17 44
17 51
17 52
17 57
17 59
17 61
17 62
17 63
17 65
17 71
17 72
17 74
17 76
17 82
17 84
17 85
17 88
17 90
17 91
17 92
17 94
17 96
17 97
17 98
17 101
17 102
17 105
17 106
17 107
17 108
17 111
17 114
17 115
17 116
17 117
18 38
18 39
18 42
18 43
18 45
18 46
18 47
18 48
18 49
18 50
18 51
18 52
18 53
18 57
18 58
18 59
18 60
18 61
18 62
18 63
18 67
18 68
18 69
18 71
18 72
18 73
18 74
18 75
18 76
18 78
18 79
18 80
18 82
18 83
18 84
18 85
18 86
18 87
18 89
18 90
18 91
18 94
18 95
18 96
18 97
18 99
18 100
18 101
18 103
18 104
18 105
18 106
18 107
18 108
18 109
18 110
18 112
18 113
18 114
18 115
18 117
18 119
19 45
19 58
19 84
19 85
19 94
19 103
19 108
19 112
19 115
20 41
20 106
21 37
21 38
21 39
21 40
21 41
21 42
21 43
21 44
21 45
21 46
21 47
21 48
21 49
21 50
21 51
21 52
21 53
21 54
21 55
21 56
21 57
21 58
21 59
21 60
21 61
21 62
21 63
21 64
21 65
21 66
21 67
21 68
21 69
21 70
21 71
21 72
21 73
21 74
21 75
21 76
21 77
21 78
21 79
21 80
21 81
21 82
21 83
21 84
21 85
21 86
21 87
21 88
21 89
21 90
21 91
21 92
21 93
21 94
21 95
21 96
21 97
21 98
21 99
21 100
21 101
21 103
21 104
21 105
21 106
21 107
21 108
21 109
21 110
21 111
21 112
21 113
21 114
21 115
21 117
21 118
21 119
22 42
22 48
22 51
22 54
22 55
22 56
22 59
22 65
22 79
22 82
22 87
22 93
22 96
22 103
22 115
22 116
22 118
23 37
23 38
23 40
23 41
23 42
23 43
23 44
23 45
23 46
23 47
23 48
23 49
23 50
23 52
23 53
23 55
23 56
23 57
23 58
23 59
23 60
23 61
23 62
23 63
23 64
23 65
23 66
23 67
23 68
23 69
23 70
23 71
23 73
23 74
23 75
23 76
23 77
23 78
23 79
23 80
23 81
23 82
23 83
23 84
23 85
23 86
23 87
23 88
23 89
23 90
23 91
23 92
23 93
23 94
23 95
23 96
23 98
23 99
23 100
23 101
23 102
23 103
23 104
23 105
23 106
23 107
23 108
23 109
23 110
23 111
23 112
23 113
23 114
23 115
23 116
23 117
23 118
23 119
24 40
24 45
24 51
24 55
24 56
24 57
24 61
24 62
24 64
24 66
24 72
24 76
24 77
24 78
24 80
24 81
24 85
24 86
24 87
24 88
24 90
24 92
24 96
24 99
24 102
24 104
24 105
24 114
24 117
24 118
25 37
25 38
25 39
25 40
25 41
25 42
25 43
25 45
25 46
25 47
25 48
25 49
25 50
25 51
25 52
25 53
25 54
25 55
25 56
25 57
25 58
25 59
25 60
25 61
25 62
25 63
25 64
25 66
25 67
25 68
25 69
25 70
25 71
25 72
25 74
25 76
25 77
25 78
25 79
25 80
25 81
25 82
25 83
25 84
25 85
25 86
25 87
25 88
25 89
25 90
25 91
25 92
25 93
25 94
25 95
25 96
25 97
25 98
25 100
25 101
25 102
25 103
25 104
25 105
25 106
25 107
25 108
25 109
25 110
25 111
25 112
25 113
25 115
25 116
25 117
25 118
26 37
26 38
26 39
26 40
26 41
26 42
26 43
26 44
26 46
26 47
26 48
26 49
26 50
26 51
26 52
26 53
26 54
26 55
26 57
26 58
26 59
26 60
26 61
26 62
26 63
26 64
26 65
26 66
26 68
26 70
26 71
26 72
26 74
26 75
26 76
26 77
26 79
26 80
26 81
26 82
26 83
26 84
26 85
26 87
26 88
26 89
26 90
26 91
26 92
26 93
26 94
26 96
26 97
26 98
26 99
26 100
26 101
26 102
26 103
26 104
26 105
26 106
26 107
26 108
26 109
26 110
26 111
26 112
26 113
26 114
26 115
26 116
26 117
26 118
27 37
27 38
27 41
27 43
27 44
27 48
27 49
27 50
27 51
27 52
27 53
27 54
27 55
27 56
27 57
27 58
27 59
27 60
27 61
27 63
27 64
27 65
27 66
27 67
27 68
27 70
27 71
27 72
27 73
27 74
27 75
27 76
27 77
27 78
27 81
27 82
27 83
27 84
27 85
27 86
27 87
27 88
27 89
27 90
27 91
27 92
27 93
27 95
27 96
27 97
27 98
27 99
27 100
27 101
27 102
27 103
27 104
27 105
27 106
27 107
27 108
27 109
27 110
27 111
27 112
27 113
27 114
27 115
27 117
27 118
27 119
28 37
28 39
28 40
28 41
28 42
28 43
28 47
28 48
28 50
28 51
28 52
28 54
28 56
28 57
28 58
28 59
28 60
28 61
28 63
28 65
28 67
28 68
28 69
28 70
28 71
28 72
28 73
28 74
28 76
28 77
28 80
28 82
28 83
28 84
28 85
28 86
28 88
28 89
28 91
28 92
28 93
28 94
28 95
28 96
28 98
28 99
28 100
28 101
28 103
28 104
28 105
28 106
28 107
28 108
28 109
28 110
28 112
28 113
28 114
28 115
28 117
28 118
28 119
29 37
29 38
29 39
29 40
29 41
29 44
29 47
29 51
29 54
29 56
29 60
29 61
29 62
29 63
29 68
29 70
29 71
29 74
29 75
29 79
29 81
29 82
29 83
29 85
29 86
29 90
29 95
29 99
29 100
29 114
29 119
30 38
30 39
30 47
30 48
30 51
30 53
30 63
30 65
30 67
30 70
30 73
30 74
30 76
30 78
30 80
30 84
30 85
30 86
30 87
30 88
30 89
30 91
30 92
30 93
30 95
30 96
30 98
30 99
30 101
30 103
30 105
30 106
30 108
30 113
30 114
30 115
30 118
30 119
31 39
31 40
31 41
31 42
31 43
31 47
31 48
31 49
31 50
31 51
31 52
31 53
31 54
31 56
31 58
31 59
31 60
31 63
31 65
31 66
31 70
31 72
31 75
31 76
31 78
31 80
31 81
31 82
31 84
31 85
31 86
31 87
31 91
31 93
31 96
31 98
31 99
31 100
31 101
31 102
31 104
31 105
31 106
31 107
31 108
31 112
31 113
31 114
31 115
31 116
32 37
32 39
32 40
32 43
32 44
32 50
32 51
32 56
32 58
32 60
32 64
32 65
32 66
32 67
32 68
32 69
32 73
32 74
32 75
32 76
32 77
32 82
32 87
32 91
32 93
32 94
32 95
32 98
32 99
32 102
32 103
32 105
32 106
32 108
32 109
32 111
32 113
32 116
32 118
32 119
33 45
33 64
33 75
33 79
33 90
33 92
33 94
33 95
33 104
33 105
33 115
33 116
34 64
35 38
35 40
35 41
35 49
35 56
35 64
35 68
35 69
35 74
35 76
35 89
35 95
35 100
35 101
35 105
35 109
35 111
35 114
36 38
36 39
36 40
36 41
36 43
36 45
36 46
36 48
36 49
36 50
36 51
36 53
36 54
36 55
36 57
36 58
36 61
36 62
36 63
36 67
36 69
36 70
36 72
36 74
36 77
36 79
36 80
36 83
36 85
36 88
36 89
36 90
36 91
36 92
36 95
36 96
36 97
36 98
36 100
36 101
36 102
36 103
36 104
36 106
36 107
36 108
36 109
36 110
36 112
36 115
36 118
36 119