100
0 44
0 46
0 59
0 62
0 78
0 87
0 94
1 44
1 45
1 50
1 55
1 56
1 57
1 58
1 59
1 60
1 62
1 63
1 69
1 71
1 73
1 74
1 76
1 80
1 81
1 82
1 87
1 88
1 90
1 93
1 96
2 52
2 58
2 68
2 74
2 75
2 76
2 79
2 82
2 83
2 84
2 88
2 89
2 92
2 94
2 96
2 97
2 98
2 99
3 43
3 45
3 48
3 50
3 52
3 55
3 56
3 57
3 60
3 65
3 74
3 78
3 81
3 82
3 83
3 88
3 89
3 90
3 91
3 96
4 53
4 80
4 82
4 99
5 43
5 44
5 48
5 51
5 52
5 53
5 54
5 56
5 59
5 68
5 78
5 83
5 87
5 95
5 97
6 43
6 45
6 46
6 49
6 51
6 52
6 53
6 54
6 55
6 56
6 58
6 60
6 63
6 64
6 66
6 67
6 71
6 73
6 76
6 77
6 83
6 86
6 88
6 90
6 91
6 92
6 97
6 98
7 47
7 52
7 68
7 85
7 87
8 44
8 46
8 47
8 54
8 57
8 61
8 62
8 66
8 69
8 70
8 73
8 74
8 75
8 76
8 78
8 81
8 86
8 87
8 90
8 91
8 92
8 94
8 95
8 96
9 49
9 50
9 64
9 65
9 66
9 67
9 73
9 75
9 87
9 92
9 95
9 96
10 43
10 46
10 47
10 49
10 50
10 51
10 52
10 54
10 55
10 58
10 59
10 64
10 66
10 67
10 71
10 72
10 73
10 75
10 77
10 78
10 82
10 84
10 91
10 92
10 95
10 97
10 98
11 49
11 53
11 54
11 55
11 57
11 59
11 60
11 62
11 65
11 69
11 73
11 76
11 79
11 83
11 84
11 87
11 92
11 94
11 95
11 97
11 98
11 99
12 52
12 56
12 60
12 76
12 78
12 80
12 81
12 83
12 96
13 46
13 51
13 57
13 59
13 69
13 76
13 81
13 82
13 83
14 45
14 47
14 49
14 76
14 78
14 84
14 87
14 88
14 97
15 44
15 49
15 56
15 58
15 60
15 61
15 63
15 64
15 69
15 70
15 72
15 74
15 76
15 79
15 80
15 83
15 84
15 85
15 95
15 97
16 95
17 48
17 75
17 83
18 44
18 46
18 61
18 63
18 65
18 67
18 69
18 75
18 81
18 82
18 92
18 93
18 94
18 98
19 44
19 46
19 47
19 51
19 52
19 53
19 54
19 56
19 62
19 66
19 68
19 70
19 72
19 74
19 75
19 76
19 79
19 81
19 83
19 84
19 85
19 86
19 89
19 90
19 93
20 50
20 53
20 55
20 60
20 62
20 65
20 71
20 72
20 78
20 81
20 83
20 85
20 86
20 90
20 93
20 98
20 99
21 43
21 44
21 45
21 59
21 62
21 63
21 66
21 68
21 76
21 77
21 81
21 86
22 43
22 44
22 51
22 53
22 56
22 73
22 80
22 85
22 89
22 92
22 95
23 43
23 51
23 53
23 54
23 55
23 57
23 62
23 63
23 64
23 65
23 75
23 76
23 77
23 80
23 87
23 88
23 89
23 91
23 93
23 94
23 96
24 53
24 55
24 56
24 61
24 62
24 65
24 71
24 74
24 76
24 77
24 84
24 87
24 88
24 91
24 95
24 96
25 43
25 46
25 60
25 64
25 66
25 68
25 72
25 73
25 77
25 80
25 82
25 86
25 89
25 90
25 91
25 93
25 94
25 95
26 45
26 54
26 79
26 81
27 43
27 45
27 46
27 47
27 49
27 50
27 52
27 54
27 60
27 63
27 70
27 71
27 72
27 77
27 79
27 85
27 86
27 89
27 91
27 92
27 95
27 96
27 99
28 45
28 51
28 52
28 54
28 63
28 72
28 76
28 81
28 90
28 91
29 44
29 58
29 66
29 76
29 80
29 88
29 90
29 95
30 43
30 44
30 47
30 53
30 56
30 59
30 71
30 75
30 78
30 82
31 54
31 58
31 73
31 76
31 80
31 84
31 86
31 93
31 99
32 46
32 47
32 48
32 54
32 57
32 60
32 62
32 64
32 66
32 67
32 69
32 70
32 73
32 75
32 77
32 81
32 82
32 85
32 86
32 89
32 90
32 92
32 93
32 96
32 99
33 43
33 52
33 56
33 62
33 74
33 82
33 83
33 88
33 89
33 92
33 93
33 94
33 95
34 45
34 50
34 70
34 78
34 79
34 89
34 93
34 98
35 47
35 63
35 78
35 79
35 80
36 58
36 64
36 66
36 70
36 90
36 97
37 63
37 70
37 74
37 81
37 85
37 96
38 43
38 44
38 48
38 50
38 53
38 58
38 59
38 60
38 61
38 63
38 64
38 66
38 67
38 68
38 69
38 74
38 78
38 81
38 83
38 84
38 86
38 89
38 90
38 91
38 92
38 96
38 97
38 99
39 44
39 48
39 49
39 53
39 61
39 64
39 67
39 70
39 72
39 74
39 75
39 76
39 77
39 78
39 79
39 80
39 81
39 93
40 43
40 44
40 45
40 48
40 50
40 51
40 52
40 56
40 58
40 61
40 63
40 64
40 67
40 70
40 71
40 73
40 74
40 75
40 80
40 81
40 83
40 86
40 89
40 94
41 54
41 57
41 60
41 70
41 71
41 72
41 77
41 79
41 85
41 91
41 92
42 54
42 61
42 65
42 66
42 79
42 80
42 87
42 88
42 90
42 93
42 97
42 98